step,epoch,step_in_epoch,probe/is_eval,sys/effective_batch_size,sys/device_batch_size,train/loss,sys/time_per_step_ms,sys/peak_memory_mb,val/acc,val/loss,train/acc,train/loss_eval,gap/train_minus_val
1,1,1,0.0,32.0,32.0,0.6953125,344.8930010199547,2059.51123046875,,,,,
2,1,2,0.0,32.0,32.0,0.706298828125,34.817729028873146,2503.7490234375,,,,,
3,1,3,0.0,32.0,32.0,0.6922607421875,41.461547021754086,2806.24951171875,,,,,
4,1,4,0.0,32.0,32.0,0.6795654296875,35.52090795710683,2467.07958984375,,,,,
5,1,5,0.0,32.0,32.0,0.6993408203125,41.31172702182084,2761.40234375,,,,,
6,1,6,0.0,32.0,32.0,0.69677734375,37.62780799297616,2664.58740234375,,,,,
7,1,7,0.0,32.0,32.0,0.689453125,38.17220899509266,2690.9091796875,,,,,
8,1,8,0.0,32.0,32.0,0.6915283203125,36.52602998772636,2559.78759765625,,,,,
9,1,9,0.0,32.0,32.0,0.697998046875,36.477696034125984,2358.748046875,,,,,
10,1,10,0.0,32.0,32.0,0.68505859375,38.27215300407261,2672.98583984375,,,,,
11,1,11,0.0,32.0,32.0,0.6837158203125,36.02849901653826,2518.4384765625,,,,,
12,1,12,0.0,32.0,32.0,0.6973876953125,34.733070991933346,2467.07958984375,,,,,
13,1,13,0.0,32.0,32.0,0.695068359375,40.2851999970153,2744.69970703125,,,,,
14,1,14,0.0,32.0,32.0,0.69384765625,37.08624700084329,2358.748046875,,,,,
15,1,15,0.0,32.0,32.0,0.6888427734375,41.44245898351073,2800.37646484375,,,,,
16,1,16,0.0,32.0,32.0,0.68798828125,34.98732601292431,2413.76171875,,,,,
17,1,17,0.0,32.0,32.0,0.71044921875,37.5093889888376,2672.98583984375,,,,,
18,1,18,0.0,32.0,32.0,0.687744140625,35.47581203747541,2467.07958984375,,,,,
19,1,19,0.0,32.0,32.0,0.705322265625,46.02430900558829,2800.37646484375,,,,,
20,1,20,0.0,32.0,32.0,0.7015380859375,49.63778000092134,2591.34375,,,,,
21,1,21,0.0,32.0,32.0,0.690185546875,51.59778002416715,2591.34375,,,,,
22,1,22,0.0,32.0,32.0,0.69677734375,42.87771094823256,2277.318359375,,,,,
23,1,23,0.0,32.0,32.0,0.6800537109375,50.44841603375971,2591.34375,,,,,
24,1,24,0.0,32.0,32.0,0.6781005859375,50.184429972432554,2672.98583984375,,,,,
25,1,25,0.0,32.0,32.0,0.683837890625,58.184502995572984,2979.1982421875,,,,,
26,1,26,0.0,32.0,32.0,0.670654296875,43.53367700241506,2663.32177734375,,,,,
27,1,27,0.0,32.0,32.0,0.6768798828125,36.83163097593933,2400.53173828125,,,,,
28,1,28,0.0,32.0,32.0,0.7069091796875,42.03612299170345,2705.02783203125,,,,,
29,1,29,0.0,32.0,32.0,0.70831298828125,46.48735298542306,2830.3427734375,,,,,
30,1,30,0.0,32.0,32.0,0.6541748046875,40.063783002551645,2691.4482421875,,,,,
31,1,31,0.0,32.0,32.0,0.6536865234375,40.80151201924309,2745.44970703125,,,,,
32,1,32,0.0,32.0,32.0,0.6632080078125,36.58067900687456,2413.76171875,,,,,
33,1,33,0.0,32.0,32.0,0.7227783203125,36.20236099231988,2559.78759765625,,,,,
34,1,34,0.0,32.0,32.0,0.67626953125,45.75902200303972,2876.98876953125,,,,,
35,1,35,0.0,32.0,32.0,0.63836669921875,37.33510902384296,2580.8203125,,,,,
36,1,36,0.0,32.0,32.0,0.654541015625,36.380901001393795,2559.78759765625,,,,,
37,1,37,0.0,32.0,32.0,0.63427734375,36.952332011424005,2559.78759765625,,,,,
38,1,38,0.0,32.0,32.0,0.680908203125,36.988631007261574,2358.748046875,,,,,
39,1,39,0.0,32.0,32.0,0.65802001953125,41.32279200712219,2800.07958984375,,,,,
40,1,40,0.0,32.0,32.0,0.64190673828125,37.2538740048185,2358.748046875,,,,,
41,1,41,0.0,32.0,32.0,0.65386962890625,43.23994996957481,2693.0888671875,,,,,
42,1,42,0.0,32.0,32.0,0.63995361328125,41.57792101614177,2559.78759765625,,,,,
43,1,43,0.0,32.0,32.0,0.66064453125,45.61971500515938,2591.34375,,,,,
44,1,44,0.0,32.0,32.0,0.63555908203125,43.62332500750199,2485.58154296875,,,,,
45,1,45,0.0,32.0,32.0,0.596466064453125,44.85285503324121,2379.24169921875,,,,,
46,1,46,0.0,32.0,32.0,0.517547607421875,44.44390197750181,2506.0302734375,,,,,
47,1,47,0.0,32.0,32.0,0.563873291015625,58.71179496170953,2980.0576171875,,,,,
48,1,48,0.0,32.0,32.0,0.5382080078125,43.39976701885462,2345.5849609375,,,,,
49,1,49,0.0,32.0,32.0,0.623291015625,42.61898103868589,2580.8203125,,,,,
50,1,50,0.0,32.0,32.0,0.551788330078125,42.565981042571366,2672.23583984375,,,,,
51,1,51,0.0,32.0,32.0,0.4693603515625,48.63139498047531,2880.01806640625,,,,,
52,1,52,0.0,32.0,32.0,0.37750244140625,36.208278965204954,2400.53173828125,,,,,
53,1,53,0.0,32.0,32.0,0.5594482421875,36.42313595628366,2442.669921875,,,,,
54,1,54,0.0,32.0,32.0,0.512603759765625,37.07834001397714,2545.39501953125,,,,,
55,1,55,0.0,32.0,32.0,0.31719970703125,42.74112900020555,2761.26171875,,,,,
56,1,56,0.0,32.0,32.0,0.3403472900390625,39.74809404462576,2663.32177734375,,,,,
57,1,57,0.0,32.0,32.0,0.4155120849609375,36.33253596490249,2485.58154296875,,,,,
58,1,58,0.0,32.0,32.0,0.531402587890625,36.40261001419276,2506.0302734375,,,,,
59,1,59,0.0,32.0,32.0,0.37718963623046875,35.908894962631166,2467.07958984375,,,,,
60,1,60,0.0,32.0,32.0,0.4397735595703125,36.17697802837938,2506.0302734375,,,,,
61,1,61,0.0,32.0,32.0,0.39588165283203125,36.66345804231241,2345.5849609375,,,,,
62,1,62,0.0,32.0,32.0,0.3131256103515625,35.74412903981283,2559.78759765625,,,,,
63,1,63,0.0,32.0,32.0,0.41335296630859375,33.06900995085016,2242.4208984375,,,,,
64,1,64,0.0,32.0,32.0,0.2540740966796875,44.013615988660604,2807.28076171875,,,,,
65,1,65,0.0,32.0,32.0,0.47509765625,45.12293200241402,2745.44970703125,,,,,
66,1,66,0.0,32.0,32.0,0.32653045654296875,40.84690095623955,2559.78759765625,,,,,
67,1,67,0.0,32.0,32.0,0.5458145141601562,40.13831401243806,2413.76171875,,,,,
68,1,68,0.0,32.0,32.0,0.3437347412109375,43.840633996296674,2663.32177734375,,,,,
69,1,69,0.0,32.0,32.0,0.2819671630859375,45.7175699993968,2672.23583984375,,,,,
70,1,70,0.0,32.0,32.0,0.24605560302734375,49.25703804474324,2745.44970703125,,,,,
71,1,71,0.0,32.0,32.0,0.28545379638671875,46.08715604990721,2663.32177734375,,,,,
72,1,72,0.0,32.0,32.0,0.40070343017578125,41.46659601246938,2467.07958984375,,,,,
73,1,73,0.0,32.0,32.0,0.42295074462890625,46.705090964678675,2745.44970703125,,,,,
74,1,74,0.0,32.0,32.0,0.3766021728515625,42.184486985206604,2379.24169921875,,,,,
75,1,75,0.0,32.0,32.0,0.3813438415527344,39.45547103649005,2518.4384765625,,,,,
76,1,76,0.0,32.0,32.0,0.2755012512207031,38.652474991977215,2518.4384765625,,,,,
77,1,77,0.0,32.0,32.0,0.2220458984375,41.12268501194194,2691.4482421875,,,,,
78,1,78,0.0,32.0,32.0,0.5629310607910156,37.890174018684775,2518.4384765625,,,,,
79,1,79,0.0,32.0,32.0,0.3632011413574219,38.73394103720784,2379.24169921875,,,,,
80,1,80,0.0,32.0,32.0,0.40773773193359375,38.76864799531177,2580.8203125,,,,,
81,1,81,0.0,32.0,32.0,0.5451202392578125,42.735327035188675,2768.408203125,,,,,
82,1,82,0.0,32.0,32.0,0.4039154052734375,43.267046043183655,2768.408203125,,,,,
83,1,83,0.0,32.0,32.0,0.42818450927734375,39.36067700851709,2580.8203125,,,,,
84,1,84,0.0,32.0,32.0,0.45325469970703125,36.541888024657965,2485.58154296875,,,,,
85,1,85,0.0,32.0,32.0,0.568389892578125,36.76886099856347,2559.78759765625,,,,,
86,1,86,0.0,32.0,32.0,0.382843017578125,38.23218704201281,2545.39501953125,,,,,
87,1,87,0.0,32.0,32.0,0.38592529296875,40.78924597706646,2691.4482421875,,,,,
88,1,88,0.0,32.0,32.0,0.31159210205078125,39.35040399665013,2559.78759765625,,,,,
89,1,89,0.0,32.0,32.0,0.1974334716796875,41.551000031176955,2663.32177734375,,,,,
90,1,90,0.0,32.0,32.0,0.33831787109375,39.0058159828186,2442.669921875,,,,,
91,1,91,0.0,32.0,32.0,0.6335830688476562,40.13945703627542,2559.78759765625,,,,,
92,1,92,0.0,32.0,32.0,0.2812347412109375,50.505965016782284,2830.3427734375,,,,,
93,1,93,0.0,32.0,32.0,0.4405059814453125,42.69509494770318,2545.39501953125,,,,,
94,1,94,0.0,32.0,32.0,0.2516632080078125,41.65364196524024,2442.669921875,,,,,
95,1,95,0.0,32.0,32.0,0.44979095458984375,49.11265103146434,2800.07958984375,,,,,
96,1,96,0.0,32.0,32.0,0.477081298828125,50.94164295587689,2848.3173828125,,,,,
97,1,97,0.0,32.0,32.0,0.406585693359375,40.38681695237756,2345.5849609375,,,,,
98,1,98,0.0,32.0,32.0,0.37757110595703125,39.24646298401058,2345.5849609375,,,,,
99,1,99,0.0,32.0,32.0,0.381256103515625,39.37164699891582,2518.4384765625,,,,,
100,1,100,0.0,32.0,32.0,0.4032745361328125,39.39167398493737,2559.78759765625,,,,,
100,1,,1.0,32.0,32.0,,39.39167398493737,2559.78759765625,0.8841743119266054,0.312813362372773,0.8847792840279737,0.32234883283988314,0.0006049721013682285
