step,epoch,step_in_epoch,probe/is_eval,sys/effective_batch_size,sys/device_batch_size,train/loss,train/gate0_triggered_blocks,train/gate0_considered_blocks,train/gate0_trigger_rate,train/pull_to_r_blocks,train/pull_to_R_blocks,train/pull_to_r_rate,train/pull_to_R_rate,train/alpha_pull_mean,train/alpha_pull_to_r_mean,train/alpha_pull_to_R_mean,train/single_vote_skipped_blocks,train/tau_N,train/tau_D,diag/info_retention_ratio,diag/residual_visibility,diag/conflict_resolution_rate,train/expert_load_r,train/expert_load_R,train/load_cv,train/load_max_min_ratio,train/utilization_ratio,train/routing_entropy,train/routing_entropy_raw,train/active_experts,train/expert_purity,train/intra_expert_coherence,train/intra_expert_conflict,train/inter_expert_similarity,sys/time_per_step_ms,sys/peak_memory_mb,val/acc,val/loss,val/acc_r_only,val/loss_r_only,train/acc,train/loss_eval,gap/train_minus_val,train/acc_r_only,train/loss_r_only_eval,gap_r_only/train_minus_val_r_only
1,1,1,0.0,32.0,32.0,0.662841796875,4.0,74.0,0.05405405405405406,1.0,3.0,0.25,0.75,0.1533232769798493,0.1481781521454137,0.1550383185913278,0.0,0.6,0.003391477200000001,1.0000000000010885,0.6623058828667429,8.506586366239064e-10,1.0,3.0,0.5,3.0,1.0,0.8112780956052325,0.5623351246188086,2.0,0.5161688350266329,0.0018094179686158895,0.49909529101569206,0.0015202051858688793,1757.856345968321,3670.84326171875,,,,,,,,,,
2,1,2,0.0,32.0,32.0,0.69140625,22.0,74.0,0.2972972972972973,5.0,17.0,0.22727272727272727,0.7727272727272727,0.15058030974467387,0.14557079500532305,0.15205369643271818,0.0,0.6,0.003391477200000001,0.9999999997141489,0.6602085712592474,-6.99220982606114e-09,5.0,17.0,0.5454545454545454,3.4,1.0,0.773226645433734,0.5359598692162172,2.0,0.5096239984751065,0.0016546368339543235,0.49917268158302286,0.0037521976151929136,1233.971345005557,3835.41162109375,,,,,,,,,,
3,1,3,0.0,32.0,32.0,0.69329833984375,14.0,74.0,0.1891891891891892,5.0,9.0,0.35714285714285715,0.6428571428571429,0.15035520578951367,0.1467057757712731,0.15238266691075847,0.0,0.6,0.003391477200000001,0.9999999998545527,0.6773012874233579,1.315096617980458e-08,5.0,9.0,0.2857142857142857,1.8,1.0,0.9402859298167305,0.6517565411726534,2.0,0.5090781045266884,8.379221253562719e-05,0.4999581038937322,0.0007783994695077214,1192.3844519769773,3812.91748046875,,,,,,,,,,
4,1,4,0.0,32.0,32.0,0.686279296875,8.0,74.0,0.10810810810810811,2.0,6.0,0.25,0.75,0.1501341767434361,0.14672627825556406,0.15127014290606014,0.0,0.6,0.003391477200000001,1.0000000001421698,0.6662044431755046,-1.6086902285872884e-08,2.0,6.0,0.5,3.0,1.0,0.8112780956052325,0.5623351246188086,2.0,0.5069823534355662,-4.3245352571830153e-05,0.5000216226762859,-0.0006686703291476408,1141.886205994524,3787.70068359375,,,,,,,,,,
5,1,5,0.0,32.0,32.0,0.6519775390625,8.0,74.0,0.10810810810810811,4.0,4.0,0.5,0.5,0.1492702513236533,0.14638810309877057,0.152152399548536,0.0,0.6,0.003391477200000001,0.9999999999952818,0.6731478982863511,6.225023533339034e-09,4.0,4.0,0.0,1.0,1.0,0.9999999711460994,0.6931471605599454,2.0,0.5106814056512643,0.0008046757538977545,0.4995976621230511,-0.0005402868161461809,1150.4962199833244,3786.35107421875,,,,,,,,,,
6,1,6,0.0,32.0,32.0,0.6597900390625,5.0,74.0,0.06756756756756757,4.0,1.0,0.8,0.2,0.14726170259013593,0.1468734336549442,0.1488147783309028,0.0,0.6,0.003391477200000001,0.9999999999897542,0.663189980245256,-3.4080815782101926e-09,4.0,1.0,0.6,4.0,1.0,0.721928066033462,0.5004024035381882,2.0,0.5091276580328803,0.0015202320646494627,0.49923988396767527,0.0021728247894739093,1155.23436490912,3775.01904296875,,,,,,,,,,
7,1,7,0.0,32.0,32.0,0.6876220703125,5.0,74.0,0.06756756756756757,0.0,5.0,0.0,1.0,0.1527827357255796,0.0,0.1527827357255796,0.0,0.6,0.003391477200000001,0.9999999995188219,0.6721750899260284,2.0087566746058958e-09,0.0,5.0,1.0,nan,0.5,-1.4426950249075512e-08,-9.999999889225291e-09,1.0,0.5094296988841966,-0.00010436503362143412,0.5000521825168107,nan,1209.136269055307,3780.12841796875,,,,,,,,,,
8,1,8,0.0,32.0,32.0,0.64813232421875,14.0,74.0,0.1891891891891892,4.0,10.0,0.2857142857142857,0.7142857142857143,0.15255775975616262,0.14560121923457905,0.15534037596479605,0.0,0.6,0.003391477200000001,1.0000000002033107,0.670453539736363,-1.4513890474272554e-08,4.0,10.0,0.42857142857142855,2.5,1.0,0.8631205397127306,0.5982695685852575,2.0,0.5172530708576516,0.001233305098139681,0.49938334745093016,-0.000562824964191952,1218.4494090033695,3807.73779296875,,,,,,,,,,
9,1,9,0.0,32.0,32.0,0.642578125,1.0,74.0,0.013513513513513514,0.0,1.0,0.0,1.0,0.1491352137066467,0.0,0.1491352137066467,0.0,0.6,0.003391477200000001,0.9999999999617566,0.6649440863322826,4.9557036753148945e-09,0.0,1.0,1.0,nan,0.5,-1.4426950249075512e-08,-9.999999889225291e-09,1.0,0.5028826209778443,nan,nan,nan,1135.728285065852,3764.75732421875,,,,,,,,,,
10,1,10,0.0,32.0,32.0,0.61773681640625,2.0,74.0,0.02702702702702703,1.0,1.0,0.5,0.5,0.1494949556190426,0.1470523964814209,0.1519375147566643,0.0,0.6,0.003391477200000001,0.9999999999440631,0.6637396277175919,4.680797313188595e-09,1.0,1.0,0.0,1.0,1.0,0.9999999711460994,0.6931471605599454,2.0,0.5081418637920724,nan,nan,-0.0007989019647814281,1150.842112954706,3773.16943359375,,,,,,,,,,
11,1,11,0.0,32.0,32.0,0.65185546875,0.0,74.0,0.0,0.0,0.0,0.0,0.0,0.0,0.0,0.0,0.0,0.6,0.003391477200000001,1.0,0.6768843486425077,0.0,0.0,0.0,nan,nan,nan,nan,nan,0.0,nan,nan,nan,nan,1103.1443669926375,3769.34716796875,,,,,,,,,,
12,1,12,0.0,32.0,32.0,0.627349853515625,0.0,74.0,0.0,0.0,0.0,0.0,0.0,0.0,0.0,0.0,0.0,0.6,0.003391477200000001,1.0,0.663217044448125,0.0,0.0,0.0,nan,nan,nan,nan,nan,0.0,nan,nan,nan,nan,1090.818942990154,3765.00537109375,,,,,,,,,,
13,1,13,0.0,32.0,32.0,0.571533203125,0.0,74.0,0.0,0.0,0.0,0.0,0.0,0.0,0.0,0.0,0.0,0.6,0.003391477200000001,1.0,0.6691923706422671,0.0,0.0,0.0,nan,nan,nan,nan,nan,0.0,nan,nan,nan,nan,1197.6387749891728,3762.50732421875,,,,,,,,,,
14,1,14,0.0,32.0,32.0,0.64862060546875,0.0,74.0,0.0,0.0,0.0,0.0,0.0,0.0,0.0,0.0,0.0,0.6,0.003391477200000001,1.0,0.675296561516659,0.0,0.0,0.0,nan,nan,nan,nan,nan,0.0,nan,nan,nan,nan,1100.6174630019814,3760.07373046875,,,,,,,,,,
15,1,15,0.0,32.0,32.0,0.557037353515625,0.0,74.0,0.0,0.0,0.0,0.0,0.0,0.0,0.0,0.0,0.0,0.6,0.003391477200000001,1.0,0.6708164397445855,0.0,0.0,0.0,nan,nan,nan,nan,nan,0.0,nan,nan,nan,nan,1118.376545025967,3762.04638671875,,,,,,,,,,
16,1,16,0.0,32.0,32.0,0.80303955078125,0.0,74.0,0.0,0.0,0.0,0.0,0.0,0.0,0.0,0.0,0.0,0.6,0.003391477200000001,1.0,0.6711856234018906,0.0,0.0,0.0,nan,nan,nan,nan,nan,0.0,nan,nan,nan,nan,1087.7025490626693,3758.27099609375,,,,,,,,,,
17,1,17,0.0,32.0,32.0,0.654449462890625,0.0,74.0,0.0,0.0,0.0,0.0,0.0,0.0,0.0,0.0,0.0,0.6,0.003391477200000001,1.0,0.6766494400981843,0.0,0.0,0.0,nan,nan,nan,nan,nan,0.0,nan,nan,nan,nan,1093.7733730534092,3758.27099609375,,,,,,,,,,
18,1,18,0.0,32.0,32.0,0.668670654296875,0.0,74.0,0.0,0.0,0.0,0.0,0.0,0.0,0.0,0.0,0.0,0.6,0.003391477200000001,1.0,0.6704218871127584,0.0,0.0,0.0,nan,nan,nan,nan,nan,0.0,nan,nan,nan,nan,1150.6714620627463,3769.59130859375,,,,,,,,,,
19,1,19,0.0,32.0,32.0,0.5667724609375,0.0,74.0,0.0,0.0,0.0,0.0,0.0,0.0,0.0,0.0,0.0,0.6,0.003391477200000001,1.0,0.6689771951091343,0.0,0.0,0.0,nan,nan,nan,nan,nan,0.0,nan,nan,nan,nan,1123.0490419548005,3773.90380859375,,,,,,,,,,
20,1,20,0.0,32.0,32.0,0.61590576171875,0.0,74.0,0.0,0.0,0.0,0.0,0.0,0.0,0.0,0.0,0.0,0.6,0.003391477200000001,1.0,0.6687379186477614,0.0,0.0,0.0,nan,nan,nan,nan,nan,0.0,nan,nan,nan,nan,1133.6826770566404,3773.52880859375,,,,,,,,,,
21,1,21,0.0,32.0,32.0,0.565460205078125,0.0,74.0,0.0,0.0,0.0,0.0,0.0,0.0,0.0,0.0,0.0,0.6,0.003391477200000001,1.0,0.6700171706243728,0.0,0.0,0.0,nan,nan,nan,nan,nan,0.0,nan,nan,nan,nan,1116.3039130624384,3758.27099609375,,,,,,,,,,
22,1,22,0.0,32.0,32.0,0.5341796875,0.0,74.0,0.0,0.0,0.0,0.0,0.0,0.0,0.0,0.0,0.0,0.6,0.003391477200000001,1.0,0.6687153493201426,0.0,0.0,0.0,nan,nan,nan,nan,nan,0.0,nan,nan,nan,nan,1179.108864045702,3761.84912109375,,,,,,,,,,
23,1,23,0.0,32.0,32.0,0.578369140625,0.0,74.0,0.0,0.0,0.0,0.0,0.0,0.0,0.0,0.0,0.0,0.6,0.003391477200000001,1.0,0.6708759239410205,0.0,0.0,0.0,nan,nan,nan,nan,nan,0.0,nan,nan,nan,nan,1135.2890130365267,3761.84912109375,,,,,,,,,,
24,1,24,0.0,32.0,32.0,0.640411376953125,0.0,74.0,0.0,0.0,0.0,0.0,0.0,0.0,0.0,0.0,0.0,0.6,0.003391477200000001,1.0,0.671725945234037,0.0,0.0,0.0,nan,nan,nan,nan,nan,0.0,nan,nan,nan,nan,1164.3350039375946,3773.52880859375,,,,,,,,,,
25,1,25,0.0,32.0,32.0,0.603607177734375,0.0,74.0,0.0,0.0,0.0,0.0,0.0,0.0,0.0,0.0,0.0,0.6,0.003391477200000001,1.0,0.666972687344802,0.0,0.0,0.0,nan,nan,nan,nan,nan,0.0,nan,nan,nan,nan,1160.1405040128157,3760.22412109375,,,,,,,,,,
26,1,26,0.0,32.0,32.0,0.584808349609375,0.0,74.0,0.0,0.0,0.0,0.0,0.0,0.0,0.0,0.0,0.0,0.6,0.003391477200000001,1.0,0.6701678584624665,0.0,0.0,0.0,nan,nan,nan,nan,nan,0.0,nan,nan,nan,nan,1139.2191909253597,3768.29443359375,,,,,,,,,,
27,1,27,0.0,32.0,32.0,0.477630615234375,0.0,74.0,0.0,0.0,0.0,0.0,0.0,0.0,0.0,0.0,0.0,0.6,0.003391477200000001,1.0,0.6728366075080849,0.0,0.0,0.0,nan,nan,nan,nan,nan,0.0,nan,nan,nan,nan,1158.0602609319612,3767.53857421875,,,,,,,,,,
28,1,28,0.0,32.0,32.0,0.6187591552734375,0.0,74.0,0.0,0.0,0.0,0.0,0.0,0.0,0.0,0.0,0.0,0.6,0.003391477200000001,1.0,0.6635538358327483,0.0,0.0,0.0,nan,nan,nan,nan,nan,0.0,nan,nan,nan,nan,1155.6569220265374,3758.27099609375,,,,,,,,,,
29,1,29,0.0,32.0,32.0,0.4268341064453125,0.0,74.0,0.0,0.0,0.0,0.0,0.0,0.0,0.0,0.0,0.0,0.6,0.003391477200000001,1.0,0.6708232725386084,0.0,0.0,0.0,nan,nan,nan,nan,nan,0.0,nan,nan,nan,nan,1119.0502600511536,3761.61474609375,,,,,,,,,,
30,1,30,0.0,32.0,32.0,0.503875732421875,0.0,74.0,0.0,0.0,0.0,0.0,0.0,0.0,0.0,0.0,0.0,0.6,0.003391477200000001,1.0,0.6675390029318085,0.0,0.0,0.0,nan,nan,nan,nan,nan,0.0,nan,nan,nan,nan,1147.8481699014083,3758.48388671875,,,,,,,,,,
31,1,31,0.0,32.0,32.0,0.485504150390625,0.0,74.0,0.0,0.0,0.0,0.0,0.0,0.0,0.0,0.0,0.0,0.6,0.003391477200000001,1.0,0.6656479157166564,0.0,0.0,0.0,nan,nan,nan,nan,nan,0.0,nan,nan,nan,nan,1134.1067269677296,3767.53857421875,,,,,,,,,,
32,1,32,0.0,32.0,32.0,0.8900299072265625,0.0,74.0,0.0,0.0,0.0,0.0,0.0,0.0,0.0,0.0,0.0,0.6,0.003391477200000001,1.0,0.6682097642348366,0.0,0.0,0.0,nan,nan,nan,nan,nan,0.0,nan,nan,nan,nan,1163.4800509782508,3758.27099609375,,,,,,,,,,
33,1,33,0.0,32.0,32.0,0.454925537109375,0.0,74.0,0.0,0.0,0.0,0.0,0.0,0.0,0.0,0.0,0.0,0.6,0.003391477200000001,1.0,0.6596821784829047,0.0,0.0,0.0,nan,nan,nan,nan,nan,0.0,nan,nan,nan,nan,1104.4619330205023,3762.04638671875,,,,,,,,,,
34,1,34,0.0,32.0,32.0,0.415130615234375,0.0,74.0,0.0,0.0,0.0,0.0,0.0,0.0,0.0,0.0,0.0,0.6,0.003391477200000001,1.0,0.6646082393930766,0.0,0.0,0.0,nan,nan,nan,nan,nan,0.0,nan,nan,nan,nan,1146.7442070133984,3760.22412109375,,,,,,,,,,
35,1,35,0.0,32.0,32.0,0.6937713623046875,0.0,74.0,0.0,0.0,0.0,0.0,0.0,0.0,0.0,0.0,0.0,0.6,0.003391477200000001,1.0,0.6639949411453172,0.0,0.0,0.0,nan,nan,nan,nan,nan,0.0,nan,nan,nan,nan,1152.8393069747835,3758.48388671875,,,,,,,,,,
36,1,36,0.0,32.0,32.0,0.6358642578125,0.0,74.0,0.0,0.0,0.0,0.0,0.0,0.0,0.0,0.0,0.0,0.6,0.003391477200000001,1.0,0.6628149313498907,0.0,0.0,0.0,nan,nan,nan,nan,nan,0.0,nan,nan,nan,nan,1190.0801480514929,3773.52880859375,,,,,,,,,,
37,1,37,0.0,32.0,32.0,0.45488739013671875,0.0,74.0,0.0,0.0,0.0,0.0,0.0,0.0,0.0,0.0,0.0,0.6,0.003391477200000001,1.0,0.6640333856116655,0.0,0.0,0.0,nan,nan,nan,nan,nan,0.0,nan,nan,nan,nan,1222.1798580139875,3770.33154296875,,,,,,,,,,
38,1,38,0.0,32.0,32.0,0.7905426025390625,0.0,74.0,0.0,0.0,0.0,0.0,0.0,0.0,0.0,0.0,0.0,0.6,0.003391477200000001,1.0,0.6663272701077094,0.0,0.0,0.0,nan,nan,nan,nan,nan,0.0,nan,nan,nan,nan,1164.0948299318552,3762.04638671875,,,,,,,,,,
39,1,39,0.0,32.0,32.0,0.59051513671875,0.0,74.0,0.0,0.0,0.0,0.0,0.0,0.0,0.0,0.0,0.0,0.6,0.003391477200000001,1.0,0.6634106685018514,0.0,0.0,0.0,nan,nan,nan,nan,nan,0.0,nan,nan,nan,nan,1140.7289610942826,3761.61474609375,,,,,,,,,,
40,1,40,0.0,32.0,32.0,0.66192626953125,0.0,74.0,0.0,0.0,0.0,0.0,0.0,0.0,0.0,0.0,0.0,0.6,0.003391477200000001,1.0,0.6600872989997495,0.0,0.0,0.0,nan,nan,nan,nan,nan,0.0,nan,nan,nan,nan,1142.9611640051007,3765.00537109375,,,,,,,,,,
41,1,41,0.0,32.0,32.0,0.638671875,0.0,74.0,0.0,0.0,0.0,0.0,0.0,0.0,0.0,0.0,0.0,0.6,0.003391477200000001,1.0,0.6647999356612285,0.0,0.0,0.0,nan,nan,nan,nan,nan,0.0,nan,nan,nan,nan,1138.3341919863597,3765.00537109375,,,,,,,,,,
42,1,42,0.0,32.0,32.0,0.628692626953125,0.0,74.0,0.0,0.0,0.0,0.0,0.0,0.0,0.0,0.0,0.0,0.6,0.003391477200000001,1.0,0.6702127023133364,0.0,0.0,0.0,nan,nan,nan,nan,nan,0.0,nan,nan,nan,nan,1135.7684039976448,3769.03076171875,,,,,,,,,,
43,1,43,0.0,32.0,32.0,0.58099365234375,0.0,74.0,0.0,0.0,0.0,0.0,0.0,0.0,0.0,0.0,0.0,0.6,0.003391477200000001,1.0,0.663018405046624,0.0,0.0,0.0,nan,nan,nan,nan,nan,0.0,nan,nan,nan,nan,1200.6668380927294,3762.04638671875,,,,,,,,,,
44,1,44,0.0,32.0,32.0,0.5836181640625,0.0,74.0,0.0,0.0,0.0,0.0,0.0,0.0,0.0,0.0,0.0,0.6,0.003391477200000001,1.0,0.6599195987626709,0.0,0.0,0.0,nan,nan,nan,nan,nan,0.0,nan,nan,nan,nan,1176.1117110727355,3769.06005859375,,,,,,,,,,
45,1,45,0.0,32.0,32.0,0.565338134765625,0.0,74.0,0.0,0.0,0.0,0.0,0.0,0.0,0.0,0.0,0.0,0.6,0.003391477200000001,1.0,0.6650586765501486,0.0,0.0,0.0,nan,nan,nan,nan,nan,0.0,nan,nan,nan,nan,1201.8314509186894,3765.04443359375,,,,,,,,,,
46,1,46,0.0,32.0,32.0,0.666290283203125,0.0,74.0,0.0,0.0,0.0,0.0,0.0,0.0,0.0,0.0,0.0,0.6,0.003391477200000001,1.0,0.6625176010663737,0.0,0.0,0.0,nan,nan,nan,nan,nan,0.0,nan,nan,nan,nan,1156.3804550096393,3769.59130859375,,,,,,,,,,
47,1,47,0.0,32.0,32.0,0.469268798828125,0.0,74.0,0.0,0.0,0.0,0.0,0.0,0.0,0.0,0.0,0.0,0.6,0.003391477200000001,1.0,0.6677693675918375,0.0,0.0,0.0,nan,nan,nan,nan,nan,0.0,nan,nan,nan,nan,1146.350678987801,3762.04638671875,,,,,,,,,,
48,1,48,0.0,32.0,32.0,0.507171630859375,0.0,74.0,0.0,0.0,0.0,0.0,0.0,0.0,0.0,0.0,0.0,0.6,0.003391477200000001,1.0,0.6672441004299211,0.0,0.0,0.0,nan,nan,nan,nan,nan,0.0,nan,nan,nan,nan,1214.3919200170785,3769.03076171875,,,,,,,,,,
49,1,49,0.0,32.0,32.0,0.5112152099609375,0.0,74.0,0.0,0.0,0.0,0.0,0.0,0.0,0.0,0.0,0.0,0.6,0.003391477200000001,1.0,0.6670977227237709,0.0,0.0,0.0,nan,nan,nan,nan,nan,0.0,nan,nan,nan,nan,1177.3725650273263,3767.53857421875,,,,,,,,,,
50,1,50,0.0,32.0,32.0,0.44248199462890625,0.0,74.0,0.0,0.0,0.0,0.0,0.0,0.0,0.0,0.0,0.0,0.6,0.003391477200000001,1.0,0.6669333222625107,0.0,0.0,0.0,nan,nan,nan,nan,nan,0.0,nan,nan,nan,nan,1182.113457005471,3769.59130859375,,,,,,,,,,
51,1,51,0.0,32.0,32.0,0.7641143798828125,0.0,74.0,0.0,0.0,0.0,0.0,0.0,0.0,0.0,0.0,0.0,0.6,0.003391477200000001,1.0,0.6647430396892061,0.0,0.0,0.0,nan,nan,nan,nan,nan,0.0,nan,nan,nan,nan,1153.2538720639423,3769.59130859375,,,,,,,,,,
52,1,52,0.0,32.0,32.0,0.6664199829101562,0.0,74.0,0.0,0.0,0.0,0.0,0.0,0.0,0.0,0.0,0.0,0.6,0.003391477200000001,1.0,0.6672829425639741,0.0,0.0,0.0,nan,nan,nan,nan,nan,0.0,nan,nan,nan,nan,1121.7852029949427,3760.22412109375,,,,,,,,,,
53,1,53,0.0,32.0,32.0,0.5174560546875,0.0,74.0,0.0,0.0,0.0,0.0,0.0,0.0,0.0,0.0,0.0,0.6,0.003391477200000001,1.0,0.6635282736542357,0.0,0.0,0.0,nan,nan,nan,nan,nan,0.0,nan,nan,nan,nan,638.453905005008,3765.04443359375,,,,,,,,,,
54,1,54,0.0,32.0,32.0,0.5569000244140625,0.0,74.0,0.0,0.0,0.0,0.0,0.0,0.0,0.0,0.0,0.0,0.6,0.003391477200000001,1.0,0.6651311199097181,0.0,0.0,0.0,nan,nan,nan,nan,nan,0.0,nan,nan,nan,nan,634.9874599836767,3765.04443359375,,,,,,,,,,
55,1,55,0.0,32.0,32.0,0.573211669921875,0.0,74.0,0.0,0.0,0.0,0.0,0.0,0.0,0.0,0.0,0.0,0.6,0.003391477200000001,1.0,0.6622203296676873,0.0,0.0,0.0,nan,nan,nan,nan,nan,0.0,nan,nan,nan,nan,635.2664519799873,3767.53857421875,,,,,,,,,,
56,1,56,0.0,32.0,32.0,0.515716552734375,0.0,74.0,0.0,0.0,0.0,0.0,0.0,0.0,0.0,0.0,0.0,0.6,0.003391477200000001,1.0,0.6628075994851084,0.0,0.0,0.0,nan,nan,nan,nan,nan,0.0,nan,nan,nan,nan,615.5049500521272,3765.04443359375,,,,,,,,,,
57,1,57,0.0,32.0,32.0,0.52838134765625,0.0,74.0,0.0,0.0,0.0,0.0,0.0,0.0,0.0,0.0,0.0,0.6,0.003391477200000001,1.0,0.6651681170728257,0.0,0.0,0.0,nan,nan,nan,nan,nan,0.0,nan,nan,nan,nan,855.7478160364553,3760.07373046875,,,,,,,,,,
58,1,58,0.0,32.0,32.0,0.5520477294921875,0.0,74.0,0.0,0.0,0.0,0.0,0.0,0.0,0.0,0.0,0.0,0.6,0.003391477200000001,1.0,0.6699873738122436,0.0,0.0,0.0,nan,nan,nan,nan,nan,0.0,nan,nan,nan,nan,1185.7383958995342,3765.04443359375,,,,,,,,,,
59,1,59,0.0,32.0,32.0,0.637237548828125,0.0,74.0,0.0,0.0,0.0,0.0,0.0,0.0,0.0,0.0,0.0,0.6,0.003391477200000001,1.0,0.6608604606434096,0.0,0.0,0.0,nan,nan,nan,nan,nan,0.0,nan,nan,nan,nan,1174.863061052747,3771.42919921875,,,,,,,,,,
60,1,60,0.0,32.0,32.0,0.51055908203125,0.0,74.0,0.0,0.0,0.0,0.0,0.0,0.0,0.0,0.0,0.0,0.6,0.003391477200000001,1.0,0.6711143178104827,0.0,0.0,0.0,nan,nan,nan,nan,nan,0.0,nan,nan,nan,nan,1125.957551994361,3760.22412109375,,,,,,,,,,
61,1,61,0.0,32.0,32.0,0.54620361328125,0.0,74.0,0.0,0.0,0.0,0.0,0.0,0.0,0.0,0.0,0.0,0.6,0.003391477200000001,1.0,0.6626020933937973,0.0,0.0,0.0,nan,nan,nan,nan,nan,0.0,nan,nan,nan,nan,1171.6319209663197,3760.22412109375,,,,,,,,,,
62,1,62,0.0,32.0,32.0,0.557586669921875,0.0,74.0,0.0,0.0,0.0,0.0,0.0,0.0,0.0,0.0,0.0,0.6,0.003391477200000001,1.0,0.6663316887366999,0.0,0.0,0.0,nan,nan,nan,nan,nan,0.0,nan,nan,nan,nan,1199.4953940156847,3765.04443359375,,,,,,,,,,
63,1,63,0.0,32.0,32.0,0.59039306640625,0.0,74.0,0.0,0.0,0.0,0.0,0.0,0.0,0.0,0.0,0.0,0.6,0.003391477200000001,1.0,0.6659559718773427,0.0,0.0,0.0,nan,nan,nan,nan,nan,0.0,nan,nan,nan,nan,1114.1174109652638,3761.61474609375,,,,,,,,,,
64,1,64,0.0,32.0,32.0,0.5560455322265625,0.0,74.0,0.0,0.0,0.0,0.0,0.0,0.0,0.0,0.0,0.0,0.6,0.003391477200000001,1.0,0.6638095856446932,0.0,0.0,0.0,nan,nan,nan,nan,nan,0.0,nan,nan,nan,nan,1172.7383310208097,3768.29443359375,,,,,,,,,,
65,1,65,0.0,32.0,32.0,0.566131591796875,0.0,74.0,0.0,0.0,0.0,0.0,0.0,0.0,0.0,0.0,0.0,0.6,0.003391477200000001,1.0,0.6584072306494362,0.0,0.0,0.0,nan,nan,nan,nan,nan,0.0,nan,nan,nan,nan,1167.991145979613,3768.29443359375,,,,,,,,,,
66,1,66,0.0,32.0,32.0,0.604766845703125,0.0,74.0,0.0,0.0,0.0,0.0,0.0,0.0,0.0,0.0,0.0,0.6,0.003391477200000001,1.0,0.6640935918923232,0.0,0.0,0.0,nan,nan,nan,nan,nan,0.0,nan,nan,nan,nan,1159.3605029629543,3765.00537109375,,,,,,,,,,
67,1,67,0.0,32.0,32.0,0.5392608642578125,0.0,74.0,0.0,0.0,0.0,0.0,0.0,0.0,0.0,0.0,0.0,0.6,0.003391477200000001,1.0,0.6642005679663567,0.0,0.0,0.0,nan,nan,nan,nan,nan,0.0,nan,nan,nan,nan,1195.0573340291157,3768.29443359375,,,,,,,,,,
68,1,68,0.0,32.0,32.0,0.4338836669921875,0.0,74.0,0.0,0.0,0.0,0.0,0.0,0.0,0.0,0.0,0.0,0.6,0.003391477200000001,1.0,0.6637335413463277,0.0,0.0,0.0,nan,nan,nan,nan,nan,0.0,nan,nan,nan,nan,1159.670609049499,3767.53857421875,,,,,,,,,,
69,1,69,0.0,32.0,32.0,0.42818450927734375,0.0,74.0,0.0,0.0,0.0,0.0,0.0,0.0,0.0,0.0,0.0,0.6,0.003391477200000001,1.0,0.6640742387608952,0.0,0.0,0.0,nan,nan,nan,nan,nan,0.0,nan,nan,nan,nan,1162.9602760076523,3765.00537109375,,,,,,,,,,
70,1,70,0.0,32.0,32.0,0.49407196044921875,0.0,74.0,0.0,0.0,0.0,0.0,0.0,0.0,0.0,0.0,0.0,0.6,0.003391477200000001,1.0,0.6674158220695021,0.0,0.0,0.0,nan,nan,nan,nan,nan,0.0,nan,nan,nan,nan,1142.3088350566104,3765.04443359375,,,,,,,,,,
71,1,71,0.0,32.0,32.0,0.5182723999023438,0.0,74.0,0.0,0.0,0.0,0.0,0.0,0.0,0.0,0.0,0.0,0.6,0.003391477200000001,1.0,0.665255798116265,0.0,0.0,0.0,nan,nan,nan,nan,nan,0.0,nan,nan,nan,nan,1153.6363479681313,3758.48388671875,,,,,,,,,,
72,1,72,0.0,32.0,32.0,0.47081756591796875,0.0,74.0,0.0,0.0,0.0,0.0,0.0,0.0,0.0,0.0,0.0,0.6,0.003391477200000001,1.0,0.6656813590378003,0.0,0.0,0.0,nan,nan,nan,nan,nan,0.0,nan,nan,nan,nan,1140.043587074615,3768.29443359375,,,,,,,,,,
73,1,73,0.0,32.0,32.0,0.6440963745117188,0.0,74.0,0.0,0.0,0.0,0.0,0.0,0.0,0.0,0.0,0.0,0.6,0.003391477200000001,1.0,0.6666216134755454,0.0,0.0,0.0,nan,nan,nan,nan,nan,0.0,nan,nan,nan,nan,1129.7815529396757,3758.48388671875,,,,,,,,,,
74,1,74,0.0,32.0,32.0,0.5730667114257812,0.0,74.0,0.0,0.0,0.0,0.0,0.0,0.0,0.0,0.0,0.0,0.6,0.003391477200000001,1.0,0.6655466108330806,0.0,0.0,0.0,nan,nan,nan,nan,nan,0.0,nan,nan,nan,nan,1153.7501169368625,3758.27099609375,,,,,,,,,,
75,1,75,0.0,32.0,32.0,0.4517364501953125,0.0,74.0,0.0,0.0,0.0,0.0,0.0,0.0,0.0,0.0,0.0,0.6,0.003391477200000001,1.0,0.6618225358818265,0.0,0.0,0.0,nan,nan,nan,nan,nan,0.0,nan,nan,nan,nan,1171.452420996502,3765.00537109375,,,,,,,,,,
76,1,76,0.0,32.0,32.0,0.5666961669921875,0.0,74.0,0.0,0.0,0.0,0.0,0.0,0.0,0.0,0.0,0.0,0.6,0.003391477200000001,1.0,0.6625041478113229,0.0,0.0,0.0,nan,nan,nan,nan,nan,0.0,nan,nan,nan,nan,1148.335978970863,3761.84912109375,,,,,,,,,,
77,1,77,0.0,32.0,32.0,0.29491424560546875,0.0,74.0,0.0,0.0,0.0,0.0,0.0,0.0,0.0,0.0,0.0,0.6,0.003391477200000001,1.0,0.6653841482280151,0.0,0.0,0.0,nan,nan,nan,nan,nan,0.0,nan,nan,nan,nan,1165.8045739168301,3765.04443359375,,,,,,,,,,
78,1,78,0.0,32.0,32.0,0.37525177001953125,0.0,74.0,0.0,0.0,0.0,0.0,0.0,0.0,0.0,0.0,0.0,0.6,0.003391477200000001,1.0,0.6644010710581897,0.0,0.0,0.0,nan,nan,nan,nan,nan,0.0,nan,nan,nan,nan,1147.6496029645205,3779.70263671875,,,,,,,,,,
79,1,79,0.0,32.0,32.0,0.37770843505859375,0.0,74.0,0.0,0.0,0.0,0.0,0.0,0.0,0.0,0.0,0.0,0.6,0.003391477200000001,1.0,0.6672910283921695,0.0,0.0,0.0,nan,nan,nan,nan,nan,0.0,nan,nan,nan,nan,1204.6787409344688,3762.04638671875,,,,,,,,,,
80,1,80,0.0,32.0,32.0,0.36481475830078125,0.0,74.0,0.0,0.0,0.0,0.0,0.0,0.0,0.0,0.0,0.0,0.6,0.003391477200000001,1.0,0.667284918292141,0.0,0.0,0.0,nan,nan,nan,nan,nan,0.0,nan,nan,nan,nan,1165.1823449647054,3771.42919921875,,,,,,,,,,
81,1,81,0.0,32.0,32.0,0.5359916687011719,0.0,74.0,0.0,0.0,0.0,0.0,0.0,0.0,0.0,0.0,0.0,0.6,0.003391477200000001,1.0,0.6694614889033534,0.0,0.0,0.0,nan,nan,nan,nan,nan,0.0,nan,nan,nan,nan,1174.7151149902493,3762.04638671875,,,,,,,,,,
82,1,82,0.0,32.0,32.0,0.34124755859375,0.0,74.0,0.0,0.0,0.0,0.0,0.0,0.0,0.0,0.0,0.0,0.6,0.003391477200000001,1.0,0.6672495926198064,0.0,0.0,0.0,nan,nan,nan,nan,nan,0.0,nan,nan,nan,nan,1099.5209460379556,3762.50732421875,,,,,,,,,,
83,1,83,0.0,32.0,32.0,0.5736923217773438,0.0,74.0,0.0,0.0,0.0,0.0,0.0,0.0,0.0,0.0,0.0,0.6,0.003391477200000001,1.0,0.6704433134680922,0.0,0.0,0.0,nan,nan,nan,nan,nan,0.0,nan,nan,nan,nan,1188.7415510136634,3781.18896484375,,,,,,,,,,
84,1,84,0.0,32.0,32.0,0.609039306640625,0.0,74.0,0.0,0.0,0.0,0.0,0.0,0.0,0.0,0.0,0.0,0.6,0.003391477200000001,1.0,0.6648101180856676,0.0,0.0,0.0,nan,nan,nan,nan,nan,0.0,nan,nan,nan,nan,1143.9107820624486,3767.53857421875,,,,,,,,,,
85,1,85,0.0,32.0,32.0,0.3331413269042969,0.0,74.0,0.0,0.0,0.0,0.0,0.0,0.0,0.0,0.0,0.0,0.6,0.003391477200000001,1.0,0.6691802834410425,0.0,0.0,0.0,nan,nan,nan,nan,nan,0.0,nan,nan,nan,nan,1129.768141079694,3767.53857421875,,,,,,,,,,
86,1,86,0.0,32.0,32.0,0.6987686157226562,0.0,74.0,0.0,0.0,0.0,0.0,0.0,0.0,0.0,0.0,0.0,0.6,0.003391477200000001,1.0,0.6664818131944814,0.0,0.0,0.0,nan,nan,nan,nan,nan,0.0,nan,nan,nan,nan,1193.6885069590062,3765.00537109375,,,,,,,,,,
87,1,87,0.0,32.0,32.0,0.5427436828613281,0.0,74.0,0.0,0.0,0.0,0.0,0.0,0.0,0.0,0.0,0.0,0.6,0.003391477200000001,1.0,0.6646740368446368,0.0,0.0,0.0,nan,nan,nan,nan,nan,0.0,nan,nan,nan,nan,1158.4557649912313,3779.70263671875,,,,,,,,,,
88,1,88,0.0,32.0,32.0,0.8065185546875,0.0,74.0,0.0,0.0,0.0,0.0,0.0,0.0,0.0,0.0,0.0,0.6,0.003391477200000001,1.0,0.6697664832492805,0.0,0.0,0.0,nan,nan,nan,nan,nan,0.0,nan,nan,nan,nan,1140.9253739984706,3760.22412109375,,,,,,,,,,
89,1,89,0.0,32.0,32.0,0.39284515380859375,0.0,74.0,0.0,0.0,0.0,0.0,0.0,0.0,0.0,0.0,0.0,0.6,0.003391477200000001,1.0,0.6689503304135914,0.0,0.0,0.0,nan,nan,nan,nan,nan,0.0,nan,nan,nan,nan,1106.7264230223373,3765.04443359375,,,,,,,,,,
90,1,90,0.0,32.0,32.0,0.361083984375,0.0,74.0,0.0,0.0,0.0,0.0,0.0,0.0,0.0,0.0,0.0,0.6,0.003391477200000001,1.0,0.6691497234647906,0.0,0.0,0.0,nan,nan,nan,nan,nan,0.0,nan,nan,nan,nan,1191.1368049914017,3765.53076171875,,,,,,,,,,
91,1,91,0.0,32.0,32.0,0.21219635009765625,0.0,74.0,0.0,0.0,0.0,0.0,0.0,0.0,0.0,0.0,0.0,0.6,0.003391477200000001,1.0,0.6664275962583491,0.0,0.0,0.0,nan,nan,nan,nan,nan,0.0,nan,nan,nan,nan,1156.8872019415721,3769.59130859375,,,,,,,,,,
92,1,92,0.0,32.0,32.0,0.47661590576171875,0.0,74.0,0.0,0.0,0.0,0.0,0.0,0.0,0.0,0.0,0.0,0.6,0.003391477200000001,1.0,0.6643594752900992,0.0,0.0,0.0,nan,nan,nan,nan,nan,0.0,nan,nan,nan,nan,1277.5867430027574,3769.59130859375,,,,,,,,,,
93,1,93,0.0,32.0,32.0,0.52972412109375,0.0,74.0,0.0,0.0,0.0,0.0,0.0,0.0,0.0,0.0,0.0,0.6,0.003391477200000001,1.0,0.6676148309698026,0.0,0.0,0.0,nan,nan,nan,nan,nan,0.0,nan,nan,nan,nan,1121.6622809879482,3761.84912109375,,,,,,,,,,
94,1,94,0.0,32.0,32.0,0.26975250244140625,0.0,74.0,0.0,0.0,0.0,0.0,0.0,0.0,0.0,0.0,0.0,0.6,0.003391477200000001,1.0,0.6689348157373256,0.0,0.0,0.0,nan,nan,nan,nan,nan,0.0,nan,nan,nan,nan,1118.2532400125638,3767.34912109375,,,,,,,,,,
95,1,95,0.0,32.0,32.0,0.4538116455078125,0.0,74.0,0.0,0.0,0.0,0.0,0.0,0.0,0.0,0.0,0.0,0.6,0.003391477200000001,1.0,0.6707127026867488,0.0,0.0,0.0,nan,nan,nan,nan,nan,0.0,nan,nan,nan,nan,1133.0637970240787,3758.48388671875,,,,,,,,,,
96,1,96,0.0,32.0,32.0,0.5557327270507812,0.0,74.0,0.0,0.0,0.0,0.0,0.0,0.0,0.0,0.0,0.0,0.6,0.003391477200000001,1.0,0.6689508884621503,0.0,0.0,0.0,nan,nan,nan,nan,nan,0.0,nan,nan,nan,nan,1118.243430973962,3760.22412109375,,,,,,,,,,
97,1,97,0.0,32.0,32.0,0.40956878662109375,0.0,74.0,0.0,0.0,0.0,0.0,0.0,0.0,0.0,0.0,0.0,0.6,0.003391477200000001,1.0,0.6672626417522391,0.0,0.0,0.0,nan,nan,nan,nan,nan,0.0,nan,nan,nan,nan,1139.9755190359429,3774.32958984375,,,,,,,,,,
98,1,98,0.0,32.0,32.0,0.42444610595703125,0.0,74.0,0.0,0.0,0.0,0.0,0.0,0.0,0.0,0.0,0.0,0.6,0.003391477200000001,1.0,0.6686840153089719,0.0,0.0,0.0,nan,nan,nan,nan,nan,0.0,nan,nan,nan,nan,1138.6636040406302,3771.42919921875,,,,,,,,,,
99,1,99,0.0,32.0,32.0,0.41121673583984375,0.0,74.0,0.0,0.0,0.0,0.0,0.0,0.0,0.0,0.0,0.0,0.6,0.003391477200000001,1.0,0.6694420411790297,0.0,0.0,0.0,nan,nan,nan,nan,nan,0.0,nan,nan,nan,nan,1243.159219971858,3769.59130859375,,,,,,,,,,
100,1,100,0.0,32.0,32.0,0.36745452880859375,0.0,74.0,0.0,0.0,0.0,0.0,0.0,0.0,0.0,0.0,0.0,0.6,0.003391477200000001,1.0,0.6649258850344512,0.0,0.0,0.0,nan,nan,nan,nan,nan,0.0,nan,nan,nan,nan,1190.3843020554632,3760.13037109375,,,,,,,,,,
101,1,101,0.0,32.0,32.0,0.4121131896972656,0.0,74.0,0.0,0.0,0.0,0.0,0.0,0.0,0.0,0.0,0.0,0.6,0.003391477200000001,1.0,0.6650947906466166,0.0,0.0,0.0,nan,nan,nan,nan,nan,0.0,nan,nan,nan,nan,1157.1982110617682,3761.61474609375,,,,,,,,,,
102,1,102,0.0,32.0,32.0,0.4871978759765625,0.0,74.0,0.0,0.0,0.0,0.0,0.0,0.0,0.0,0.0,0.0,0.6,0.003391477200000001,1.0,0.6723982322291727,0.0,0.0,0.0,nan,nan,nan,nan,nan,0.0,nan,nan,nan,nan,1159.4461830100045,3773.54443359375,,,,,,,,,,
103,1,103,0.0,32.0,32.0,0.3548126220703125,0.0,74.0,0.0,0.0,0.0,0.0,0.0,0.0,0.0,0.0,0.0,0.6,0.003391477200000001,1.0,0.6673080152067292,0.0,0.0,0.0,nan,nan,nan,nan,nan,0.0,nan,nan,nan,nan,1128.9741409709677,3765.00537109375,,,,,,,,,,
104,1,104,0.0,32.0,32.0,0.470855712890625,0.0,74.0,0.0,0.0,0.0,0.0,0.0,0.0,0.0,0.0,0.0,0.6,0.003391477200000001,1.0,0.6656542000598082,0.0,0.0,0.0,nan,nan,nan,nan,nan,0.0,nan,nan,nan,nan,1151.4191930182278,3765.00537109375,,,,,,,,,,
105,1,105,0.0,32.0,32.0,0.4180755615234375,0.0,74.0,0.0,0.0,0.0,0.0,0.0,0.0,0.0,0.0,0.0,0.6,0.003391477200000001,1.0,0.6704030390277197,0.0,0.0,0.0,nan,nan,nan,nan,nan,0.0,nan,nan,nan,nan,1136.2161630531773,3765.00537109375,,,,,,,,,,
106,1,106,0.0,32.0,32.0,0.5247154235839844,0.0,74.0,0.0,0.0,0.0,0.0,0.0,0.0,0.0,0.0,0.0,0.6,0.003391477200000001,1.0,0.666603859862291,0.0,0.0,0.0,nan,nan,nan,nan,nan,0.0,nan,nan,nan,nan,1121.0378439864144,3762.50732421875,,,,,,,,,,
107,1,107,0.0,32.0,32.0,0.45015716552734375,0.0,74.0,0.0,0.0,0.0,0.0,0.0,0.0,0.0,0.0,0.0,0.6,0.003391477200000001,1.0,0.6647767862488572,0.0,0.0,0.0,nan,nan,nan,nan,nan,0.0,nan,nan,nan,nan,1121.6572560369968,3767.53857421875,,,,,,,,,,
108,1,108,0.0,32.0,32.0,0.5748329162597656,0.0,74.0,0.0,0.0,0.0,0.0,0.0,0.0,0.0,0.0,0.0,0.6,0.003391477200000001,1.0,0.663336516778739,0.0,0.0,0.0,nan,nan,nan,nan,nan,0.0,nan,nan,nan,nan,1143.6689059482887,3760.22412109375,,,,,,,,,,
109,1,109,0.0,32.0,32.0,0.330078125,0.0,74.0,0.0,0.0,0.0,0.0,0.0,0.0,0.0,0.0,0.0,0.6,0.003391477200000001,1.0,0.6659975498510329,0.0,0.0,0.0,nan,nan,nan,nan,nan,0.0,nan,nan,nan,nan,1165.3489890741184,3768.29443359375,,,,,,,,,,
110,1,110,0.0,32.0,32.0,0.3874244689941406,0.0,74.0,0.0,0.0,0.0,0.0,0.0,0.0,0.0,0.0,0.0,0.6,0.003391477200000001,1.0,0.6669148516617787,0.0,0.0,0.0,nan,nan,nan,nan,nan,0.0,nan,nan,nan,nan,1169.2128310678527,3767.50537109375,,,,,,,,,,
111,1,111,0.0,32.0,32.0,0.3991737365722656,0.0,74.0,0.0,0.0,0.0,0.0,0.0,0.0,0.0,0.0,0.0,0.6,0.003391477200000001,1.0,0.6683836845070218,0.0,0.0,0.0,nan,nan,nan,nan,nan,0.0,nan,nan,nan,nan,1138.6620870325714,3781.18896484375,,,,,,,,,,
112,1,112,0.0,32.0,32.0,0.3869056701660156,0.0,74.0,0.0,0.0,0.0,0.0,0.0,0.0,0.0,0.0,0.0,0.6,0.003391477200000001,1.0,0.6664941137286374,0.0,0.0,0.0,nan,nan,nan,nan,nan,0.0,nan,nan,nan,nan,1153.9147259900346,3769.34716796875,,,,,,,,,,
113,1,113,0.0,32.0,32.0,0.6234779357910156,0.0,74.0,0.0,0.0,0.0,0.0,0.0,0.0,0.0,0.0,0.0,0.6,0.003391477200000001,1.0,0.6696386784104935,0.0,0.0,0.0,nan,nan,nan,nan,nan,0.0,nan,nan,nan,nan,1149.8670049477369,3769.34716796875,,,,,,,,,,
114,1,114,0.0,32.0,32.0,0.30999755859375,0.0,74.0,0.0,0.0,0.0,0.0,0.0,0.0,0.0,0.0,0.0,0.6,0.003391477200000001,1.0,0.665957570189174,0.0,0.0,0.0,nan,nan,nan,nan,nan,0.0,nan,nan,nan,nan,1156.779811019078,3760.07373046875,,,,,,,,,,
115,1,115,0.0,20.0,20.0,0.532586669921875,0.0,74.0,0.0,0.0,0.0,0.0,0.0,0.0,0.0,0.0,0.0,0.6,0.003391477200000001,1.0,0.6648300196815299,0.0,0.0,0.0,nan,nan,nan,nan,nan,0.0,nan,nan,nan,nan,977.5051129981875,3311.087890625,,,,,,,,,,
116,1,116,0.0,32.0,32.0,0.460113525390625,0.0,74.0,0.0,0.0,0.0,0.0,0.0,0.0,0.0,0.0,0.0,0.6,0.003391477200000001,1.0,0.6680983506801961,0.0,0.0,0.0,nan,nan,nan,nan,nan,0.0,nan,nan,nan,nan,1213.2235979661345,3769.34716796875,,,,,,,,,,
117,1,117,0.0,32.0,32.0,0.304473876953125,0.0,74.0,0.0,0.0,0.0,0.0,0.0,0.0,0.0,0.0,0.0,0.6,0.003391477200000001,1.0,0.6663623314738624,0.0,0.0,0.0,nan,nan,nan,nan,nan,0.0,nan,nan,nan,nan,1173.0850849999115,3761.61474609375,,,,,,,,,,
118,1,118,0.0,32.0,32.0,0.4050102233886719,0.0,74.0,0.0,0.0,0.0,0.0,0.0,0.0,0.0,0.0,0.0,0.6,0.003391477200000001,1.0,0.6678764877779874,0.0,0.0,0.0,nan,nan,nan,nan,nan,0.0,nan,nan,nan,nan,1140.7680149422958,3758.48388671875,,,,,,,,,,
119,1,119,0.0,32.0,32.0,0.29721832275390625,0.0,74.0,0.0,0.0,0.0,0.0,0.0,0.0,0.0,0.0,0.0,0.6,0.003391477200000001,1.0,0.6659552946421428,0.0,0.0,0.0,nan,nan,nan,nan,nan,0.0,nan,nan,nan,nan,1150.4691781010479,3760.07373046875,,,,,,,,,,
120,1,120,0.0,32.0,32.0,0.3888282775878906,0.0,74.0,0.0,0.0,0.0,0.0,0.0,0.0,0.0,0.0,0.0,0.6,0.003391477200000001,1.0,0.6678071699318099,0.0,0.0,0.0,nan,nan,nan,nan,nan,0.0,nan,nan,nan,nan,1165.7980000600219,3781.18896484375,,,,,,,,,,
121,1,121,0.0,32.0,32.0,0.2911224365234375,0.0,74.0,0.0,0.0,0.0,0.0,0.0,0.0,0.0,0.0,0.0,0.6,0.003391477200000001,1.0,0.6669433292259951,0.0,0.0,0.0,nan,nan,nan,nan,nan,0.0,nan,nan,nan,nan,1127.379092038609,3761.84912109375,,,,,,,,,,
122,1,122,0.0,32.0,32.0,0.2730140686035156,0.0,74.0,0.0,0.0,0.0,0.0,0.0,0.0,0.0,0.0,0.0,0.6,0.003391477200000001,1.0,0.6640273690237407,0.0,0.0,0.0,nan,nan,nan,nan,nan,0.0,nan,nan,nan,nan,1189.3114229897037,3761.84912109375,,,,,,,,,,
123,1,123,0.0,32.0,32.0,0.3562660217285156,0.0,74.0,0.0,0.0,0.0,0.0,0.0,0.0,0.0,0.0,0.0,0.6,0.003391477200000001,1.0,0.6682605659935781,0.0,0.0,0.0,nan,nan,nan,nan,nan,0.0,nan,nan,nan,nan,1137.3619110090658,3775.34912109375,,,,,,,,,,
124,1,124,0.0,32.0,32.0,0.3106803894042969,0.0,74.0,0.0,0.0,0.0,0.0,0.0,0.0,0.0,0.0,0.0,0.6,0.003391477200000001,1.0,0.6677317901077643,0.0,0.0,0.0,nan,nan,nan,nan,nan,0.0,nan,nan,nan,nan,1117.29825893417,3767.53857421875,,,,,,,,,,
125,1,125,0.0,32.0,32.0,0.45822906494140625,0.0,74.0,0.0,0.0,0.0,0.0,0.0,0.0,0.0,0.0,0.0,0.6,0.003391477200000001,1.0,0.666639643138669,0.0,0.0,0.0,nan,nan,nan,nan,nan,0.0,nan,nan,nan,nan,1116.1604159278795,3761.61474609375,,,,,,,,,,
126,1,126,0.0,32.0,32.0,0.34882354736328125,0.0,74.0,0.0,0.0,0.0,0.0,0.0,0.0,0.0,0.0,0.0,0.6,0.003391477200000001,1.0,0.6648393988012058,0.0,0.0,0.0,nan,nan,nan,nan,nan,0.0,nan,nan,nan,nan,1127.343453001231,3769.59130859375,,,,,,,,,,
127,1,127,0.0,32.0,32.0,0.5913219451904297,0.0,74.0,0.0,0.0,0.0,0.0,0.0,0.0,0.0,0.0,0.0,0.6,0.003391477200000001,1.0,0.6699597823074783,0.0,0.0,0.0,nan,nan,nan,nan,nan,0.0,nan,nan,nan,nan,1163.0644079996273,3769.59130859375,,,,,,,,,,
128,1,128,0.0,32.0,32.0,0.2877693176269531,0.0,74.0,0.0,0.0,0.0,0.0,0.0,0.0,0.0,0.0,0.0,0.6,0.003391477200000001,1.0,0.6660550135863664,0.0,0.0,0.0,nan,nan,nan,nan,nan,0.0,nan,nan,nan,nan,1145.7960710395128,3762.04638671875,,,,,,,,,,
129,1,129,0.0,32.0,32.0,0.54400634765625,0.0,74.0,0.0,0.0,0.0,0.0,0.0,0.0,0.0,0.0,0.0,0.6,0.003391477200000001,1.0,0.667832003154436,0.0,0.0,0.0,nan,nan,nan,nan,nan,0.0,nan,nan,nan,nan,1196.675181039609,3758.27099609375,,,,,,,,,,
130,1,130,0.0,32.0,32.0,0.23361587524414062,0.0,74.0,0.0,0.0,0.0,0.0,0.0,0.0,0.0,0.0,0.0,0.6,0.003391477200000001,1.0,0.6674735050274562,0.0,0.0,0.0,nan,nan,nan,nan,nan,0.0,nan,nan,nan,nan,1127.8103709919378,3758.48388671875,,,,,,,,,,
131,1,131,0.0,32.0,32.0,0.3045005798339844,0.0,74.0,0.0,0.0,0.0,0.0,0.0,0.0,0.0,0.0,0.0,0.6,0.003391477200000001,1.0,0.6615929042691,0.0,0.0,0.0,nan,nan,nan,nan,nan,0.0,nan,nan,nan,nan,1220.4385420773178,3769.34716796875,,,,,,,,,,
132,1,132,0.0,32.0,32.0,0.28701019287109375,0.0,74.0,0.0,0.0,0.0,0.0,0.0,0.0,0.0,0.0,0.0,0.6,0.003391477200000001,1.0,0.6680365906990865,0.0,0.0,0.0,nan,nan,nan,nan,nan,0.0,nan,nan,nan,nan,1176.8718649400398,3765.00537109375,,,,,,,,,,
133,1,133,0.0,32.0,32.0,0.4817352294921875,0.0,74.0,0.0,0.0,0.0,0.0,0.0,0.0,0.0,0.0,0.0,0.6,0.003391477200000001,1.0,0.6684963476433388,0.0,0.0,0.0,nan,nan,nan,nan,nan,0.0,nan,nan,nan,nan,1214.4912180956453,3774.17919921875,,,,,,,,,,
134,1,134,0.0,32.0,32.0,0.39227294921875,0.0,74.0,0.0,0.0,0.0,0.0,0.0,0.0,0.0,0.0,0.0,0.6,0.003391477200000001,1.0,0.6682399920485281,0.0,0.0,0.0,nan,nan,nan,nan,nan,0.0,nan,nan,nan,nan,1175.4104950232431,3762.50732421875,,,,,,,,,,
135,1,135,0.0,32.0,32.0,0.396728515625,0.0,74.0,0.0,0.0,0.0,0.0,0.0,0.0,0.0,0.0,0.0,0.6,0.003391477200000001,1.0,0.6674576280923192,0.0,0.0,0.0,nan,nan,nan,nan,nan,0.0,nan,nan,nan,nan,1171.1190349888057,3762.50732421875,,,,,,,,,,
136,1,136,0.0,32.0,32.0,0.3724822998046875,0.0,74.0,0.0,0.0,0.0,0.0,0.0,0.0,0.0,0.0,0.0,0.6,0.003391477200000001,1.0,0.6672933223016381,0.0,0.0,0.0,nan,nan,nan,nan,nan,0.0,nan,nan,nan,nan,1176.5278440434486,3762.04638671875,,,,,,,,,,
137,1,137,0.0,32.0,32.0,0.41808319091796875,0.0,74.0,0.0,0.0,0.0,0.0,0.0,0.0,0.0,0.0,0.0,0.6,0.003391477200000001,1.0,0.669713786559437,0.0,0.0,0.0,nan,nan,nan,nan,nan,0.0,nan,nan,nan,nan,1150.7941810414195,3762.04638671875,,,,,,,,,,
138,1,138,0.0,32.0,32.0,0.35467529296875,0.0,74.0,0.0,0.0,0.0,0.0,0.0,0.0,0.0,0.0,0.0,0.6,0.003391477200000001,1.0,0.6694312646994705,0.0,0.0,0.0,nan,nan,nan,nan,nan,0.0,nan,nan,nan,nan,1172.1779280342162,3761.84912109375,,,,,,,,,,
139,1,139,0.0,32.0,32.0,0.5745010375976562,0.0,74.0,0.0,0.0,0.0,0.0,0.0,0.0,0.0,0.0,0.0,0.6,0.003391477200000001,1.0,0.663679267389992,0.0,0.0,0.0,nan,nan,nan,nan,nan,0.0,nan,nan,nan,nan,1161.6887809941545,3761.84912109375,,,,,,,,,,
140,1,140,0.0,32.0,32.0,0.28548431396484375,0.0,74.0,0.0,0.0,0.0,0.0,0.0,0.0,0.0,0.0,0.0,0.6,0.003391477200000001,1.0,0.6703024550298985,0.0,0.0,0.0,nan,nan,nan,nan,nan,0.0,nan,nan,nan,nan,1123.59034398105,3769.59130859375,,,,,,,,,,
141,1,141,0.0,32.0,32.0,0.32198333740234375,0.0,74.0,0.0,0.0,0.0,0.0,0.0,0.0,0.0,0.0,0.0,0.6,0.003391477200000001,1.0,0.6684936143030801,0.0,0.0,0.0,nan,nan,nan,nan,nan,0.0,nan,nan,nan,nan,1164.6853960119188,3765.00537109375,,,,,,,,,,
142,1,142,0.0,32.0,32.0,0.24139404296875,0.0,74.0,0.0,0.0,0.0,0.0,0.0,0.0,0.0,0.0,0.0,0.6,0.003391477200000001,1.0,0.6660743254013741,0.0,0.0,0.0,nan,nan,nan,nan,nan,0.0,nan,nan,nan,nan,1167.1860170317814,3761.61474609375,,,,,,,,,,
143,1,143,0.0,32.0,32.0,0.2970237731933594,0.0,74.0,0.0,0.0,0.0,0.0,0.0,0.0,0.0,0.0,0.0,0.6,0.003391477200000001,1.0,0.6669916658985021,0.0,0.0,0.0,nan,nan,nan,nan,nan,0.0,nan,nan,nan,nan,1144.4412799319252,3761.84912109375,,,,,,,,,,
144,1,144,0.0,32.0,32.0,0.2836589813232422,0.0,74.0,0.0,0.0,0.0,0.0,0.0,0.0,0.0,0.0,0.0,0.6,0.003391477200000001,1.0,0.6672404752963,0.0,0.0,0.0,nan,nan,nan,nan,nan,0.0,nan,nan,nan,nan,1169.6839510696009,3761.61474609375,,,,,,,,,,
145,1,145,0.0,32.0,32.0,0.3982391357421875,0.0,74.0,0.0,0.0,0.0,0.0,0.0,0.0,0.0,0.0,0.0,0.6,0.003391477200000001,1.0,0.6700885709030396,0.0,0.0,0.0,nan,nan,nan,nan,nan,0.0,nan,nan,nan,nan,1173.2840799959376,3765.00537109375,,,,,,,,,,
146,1,146,0.0,32.0,32.0,0.5143165588378906,0.0,74.0,0.0,0.0,0.0,0.0,0.0,0.0,0.0,0.0,0.0,0.6,0.003391477200000001,1.0,0.6622284986774519,0.0,0.0,0.0,nan,nan,nan,nan,nan,0.0,nan,nan,nan,nan,1192.2660580603406,3762.04638671875,,,,,,,,,,
147,1,147,0.0,32.0,32.0,0.414459228515625,0.0,74.0,0.0,0.0,0.0,0.0,0.0,0.0,0.0,0.0,0.0,0.6,0.003391477200000001,1.0,0.6683812776417934,0.0,0.0,0.0,nan,nan,nan,nan,nan,0.0,nan,nan,nan,nan,1172.7357429917902,3768.29443359375,,,,,,,,,,
148,1,148,0.0,32.0,32.0,0.3227958679199219,0.0,74.0,0.0,0.0,0.0,0.0,0.0,0.0,0.0,0.0,0.0,0.6,0.003391477200000001,1.0,0.6660962621199331,0.0,0.0,0.0,nan,nan,nan,nan,nan,0.0,nan,nan,nan,nan,1161.2416229909286,3767.53857421875,,,,,,,,,,
149,1,149,0.0,32.0,32.0,0.3715496063232422,0.0,74.0,0.0,0.0,0.0,0.0,0.0,0.0,0.0,0.0,0.0,0.6,0.003391477200000001,1.0,0.6682709672409266,0.0,0.0,0.0,nan,nan,nan,nan,nan,0.0,nan,nan,nan,nan,1110.4177150409669,3762.04638671875,,,,,,,,,,
150,1,150,0.0,32.0,32.0,0.24644088745117188,0.0,74.0,0.0,0.0,0.0,0.0,0.0,0.0,0.0,0.0,0.0,0.6,0.003391477200000001,1.0,0.6700881333940422,0.0,0.0,0.0,nan,nan,nan,nan,nan,0.0,nan,nan,nan,nan,1131.7069989163429,3769.03076171875,,,,,,,,,,
151,1,151,0.0,32.0,32.0,0.35401153564453125,0.0,74.0,0.0,0.0,0.0,0.0,0.0,0.0,0.0,0.0,0.0,0.6,0.003391477200000001,1.0,0.6662263578227807,0.0,0.0,0.0,nan,nan,nan,nan,nan,0.0,nan,nan,nan,nan,1127.7754689799622,3760.22412109375,,,,,,,,,,
152,1,152,0.0,32.0,32.0,0.3252410888671875,0.0,74.0,0.0,0.0,0.0,0.0,0.0,0.0,0.0,0.0,0.0,0.6,0.003391477200000001,1.0,0.6644037440708983,0.0,0.0,0.0,nan,nan,nan,nan,nan,0.0,nan,nan,nan,nan,1172.3496889462695,3765.00537109375,,,,,,,,,,
153,1,153,0.0,32.0,32.0,0.46936798095703125,0.0,74.0,0.0,0.0,0.0,0.0,0.0,0.0,0.0,0.0,0.0,0.6,0.003391477200000001,1.0,0.6673477913966743,0.0,0.0,0.0,nan,nan,nan,nan,nan,0.0,nan,nan,nan,nan,1196.4618420461193,3758.48388671875,,,,,,,,,,
154,1,154,0.0,32.0,32.0,0.2701225280761719,0.0,74.0,0.0,0.0,0.0,0.0,0.0,0.0,0.0,0.0,0.0,0.6,0.003391477200000001,1.0,0.6628025222082629,0.0,0.0,0.0,nan,nan,nan,nan,nan,0.0,nan,nan,nan,nan,1109.2689440120012,3768.29443359375,,,,,,,,,,
155,1,155,0.0,32.0,32.0,0.3215293884277344,0.0,74.0,0.0,0.0,0.0,0.0,0.0,0.0,0.0,0.0,0.0,0.6,0.003391477200000001,1.0,0.6731529298334792,0.0,0.0,0.0,nan,nan,nan,nan,nan,0.0,nan,nan,nan,nan,1144.610196002759,3761.84912109375,,,,,,,,,,
156,1,156,0.0,32.0,32.0,0.22970008850097656,0.0,74.0,0.0,0.0,0.0,0.0,0.0,0.0,0.0,0.0,0.0,0.6,0.003391477200000001,1.0,0.6669812005554057,0.0,0.0,0.0,nan,nan,nan,nan,nan,0.0,nan,nan,nan,nan,1167.5111360382289,3773.52880859375,,,,,,,,,,
157,1,157,0.0,32.0,32.0,0.43457794189453125,0.0,74.0,0.0,0.0,0.0,0.0,0.0,0.0,0.0,0.0,0.0,0.6,0.003391477200000001,1.0,0.6704947656988706,0.0,0.0,0.0,nan,nan,nan,nan,nan,0.0,nan,nan,nan,nan,1143.2644119486213,3769.03076171875,,,,,,,,,,
158,1,158,0.0,32.0,32.0,0.10946083068847656,0.0,74.0,0.0,0.0,0.0,0.0,0.0,0.0,0.0,0.0,0.0,0.6,0.003391477200000001,1.0,0.6665833488220908,0.0,0.0,0.0,nan,nan,nan,nan,nan,0.0,nan,nan,nan,nan,1195.3807519748807,3760.22412109375,,,,,,,,,,
159,1,159,0.0,32.0,32.0,0.3590965270996094,0.0,74.0,0.0,0.0,0.0,0.0,0.0,0.0,0.0,0.0,0.0,0.6,0.003391477200000001,1.0,0.665392766338149,0.0,0.0,0.0,nan,nan,nan,nan,nan,0.0,nan,nan,nan,nan,1116.2780079757795,3760.13037109375,,,,,,,,,,
160,1,160,0.0,32.0,32.0,0.3381671905517578,0.0,74.0,0.0,0.0,0.0,0.0,0.0,0.0,0.0,0.0,0.0,0.6,0.003391477200000001,1.0,0.668114287663799,0.0,0.0,0.0,nan,nan,nan,nan,nan,0.0,nan,nan,nan,nan,1145.8299800287932,3773.54443359375,,,,,,,,,,
161,1,161,0.0,32.0,32.0,0.2407817840576172,0.0,74.0,0.0,0.0,0.0,0.0,0.0,0.0,0.0,0.0,0.0,0.6,0.003391477200000001,1.0,0.6642939043792514,0.0,0.0,0.0,nan,nan,nan,nan,nan,0.0,nan,nan,nan,nan,1187.3360170284286,3774.32958984375,,,,,,,,,,
162,1,162,0.0,32.0,32.0,0.21877288818359375,0.0,74.0,0.0,0.0,0.0,0.0,0.0,0.0,0.0,0.0,0.0,0.6,0.003391477200000001,1.0,0.6675784636518116,0.0,0.0,0.0,nan,nan,nan,nan,nan,0.0,nan,nan,nan,nan,1168.1016649818048,3765.04443359375,,,,,,,,,,
163,1,163,0.0,32.0,32.0,0.3816680908203125,0.0,74.0,0.0,0.0,0.0,0.0,0.0,0.0,0.0,0.0,0.0,0.6,0.003391477200000001,1.0,0.6680272294373417,0.0,0.0,0.0,nan,nan,nan,nan,nan,0.0,nan,nan,nan,nan,1168.013415997848,3765.04443359375,,,,,,,,,,
164,1,164,0.0,32.0,32.0,0.2567481994628906,0.0,74.0,0.0,0.0,0.0,0.0,0.0,0.0,0.0,0.0,0.0,0.6,0.003391477200000001,1.0,0.6692257571132243,0.0,0.0,0.0,nan,nan,nan,nan,nan,0.0,nan,nan,nan,nan,1131.315189995803,3758.48388671875,,,,,,,,,,
165,1,165,0.0,32.0,32.0,0.40529632568359375,0.0,74.0,0.0,0.0,0.0,0.0,0.0,0.0,0.0,0.0,0.0,0.6,0.003391477200000001,1.0,0.6635294071322109,0.0,0.0,0.0,nan,nan,nan,nan,nan,0.0,nan,nan,nan,nan,1188.637107028626,3769.59130859375,,,,,,,,,,
166,1,166,0.0,32.0,32.0,0.3688316345214844,0.0,74.0,0.0,0.0,0.0,0.0,0.0,0.0,0.0,0.0,0.0,0.6,0.003391477200000001,1.0,0.665128069025587,0.0,0.0,0.0,nan,nan,nan,nan,nan,0.0,nan,nan,nan,nan,1132.9454960068688,3760.22412109375,,,,,,,,,,
167,1,167,0.0,32.0,32.0,0.32950592041015625,0.0,74.0,0.0,0.0,0.0,0.0,0.0,0.0,0.0,0.0,0.0,0.6,0.003391477200000001,1.0,0.6675718047921217,0.0,0.0,0.0,nan,nan,nan,nan,nan,0.0,nan,nan,nan,nan,1119.2137479083613,3765.00537109375,,,,,,,,,,
168,1,168,0.0,32.0,32.0,0.3828620910644531,0.0,74.0,0.0,0.0,0.0,0.0,0.0,0.0,0.0,0.0,0.0,0.6,0.003391477200000001,1.0,0.6683761650201769,0.0,0.0,0.0,nan,nan,nan,nan,nan,0.0,nan,nan,nan,nan,1185.393785010092,3760.22412109375,,,,,,,,,,
169,1,169,0.0,32.0,32.0,0.3845672607421875,0.0,74.0,0.0,0.0,0.0,0.0,0.0,0.0,0.0,0.0,0.0,0.6,0.003391477200000001,1.0,0.6671709780511598,0.0,0.0,0.0,nan,nan,nan,nan,nan,0.0,nan,nan,nan,nan,1175.7571439957246,3770.33154296875,,,,,,,,,,
170,1,170,0.0,32.0,32.0,0.5665779113769531,0.0,74.0,0.0,0.0,0.0,0.0,0.0,0.0,0.0,0.0,0.0,0.6,0.003391477200000001,1.0,0.6658055326979402,0.0,0.0,0.0,nan,nan,nan,nan,nan,0.0,nan,nan,nan,nan,1143.4631729498506,3769.03076171875,,,,,,,,,,
171,1,171,0.0,32.0,32.0,0.25019073486328125,0.0,74.0,0.0,0.0,0.0,0.0,0.0,0.0,0.0,0.0,0.0,0.6,0.003391477200000001,1.0,0.6679820080929739,0.0,0.0,0.0,nan,nan,nan,nan,nan,0.0,nan,nan,nan,nan,1176.256675971672,3762.04638671875,,,,,,,,,,
172,1,172,0.0,32.0,32.0,0.3669166564941406,0.0,74.0,0.0,0.0,0.0,0.0,0.0,0.0,0.0,0.0,0.0,0.6,0.003391477200000001,1.0,0.6679607911106757,0.0,0.0,0.0,nan,nan,nan,nan,nan,0.0,nan,nan,nan,nan,1141.018895083107,3760.22412109375,,,,,,,,,,
173,1,173,0.0,32.0,32.0,0.40326690673828125,0.0,74.0,0.0,0.0,0.0,0.0,0.0,0.0,0.0,0.0,0.0,0.6,0.003391477200000001,1.0,0.6699117637471336,0.0,0.0,0.0,nan,nan,nan,nan,nan,0.0,nan,nan,nan,nan,1189.592786016874,3761.84912109375,,,,,,,,,,
174,1,174,0.0,32.0,32.0,0.353973388671875,0.0,74.0,0.0,0.0,0.0,0.0,0.0,0.0,0.0,0.0,0.0,0.6,0.003391477200000001,1.0,0.6668496278689056,0.0,0.0,0.0,nan,nan,nan,nan,nan,0.0,nan,nan,nan,nan,1179.7586139291525,3771.42919921875,,,,,,,,,,
175,1,175,0.0,32.0,32.0,0.2143402099609375,0.0,74.0,0.0,0.0,0.0,0.0,0.0,0.0,0.0,0.0,0.0,0.6,0.003391477200000001,1.0,0.6662743400650524,0.0,0.0,0.0,nan,nan,nan,nan,nan,0.0,nan,nan,nan,nan,1185.8332488918677,3760.22412109375,,,,,,,,,,
176,1,176,0.0,32.0,32.0,0.2717132568359375,0.0,74.0,0.0,0.0,0.0,0.0,0.0,0.0,0.0,0.0,0.0,0.6,0.003391477200000001,1.0,0.6691537850631958,0.0,0.0,0.0,nan,nan,nan,nan,nan,0.0,nan,nan,nan,nan,1135.3178560966626,3769.03076171875,,,,,,,,,,
177,1,177,0.0,32.0,32.0,0.5280857086181641,0.0,74.0,0.0,0.0,0.0,0.0,0.0,0.0,0.0,0.0,0.0,0.6,0.003391477200000001,1.0,0.6688912517603212,0.0,0.0,0.0,nan,nan,nan,nan,nan,0.0,nan,nan,nan,nan,1171.774804010056,3771.42919921875,,,,,,,,,,
178,1,178,0.0,32.0,32.0,0.32501983642578125,0.0,74.0,0.0,0.0,0.0,0.0,0.0,0.0,0.0,0.0,0.0,0.6,0.003391477200000001,1.0,0.6690030481912325,0.0,0.0,0.0,nan,nan,nan,nan,nan,0.0,nan,nan,nan,nan,1146.2091200519353,3760.22412109375,,,,,,,,,,
179,1,179,0.0,32.0,32.0,0.14248275756835938,0.0,74.0,0.0,0.0,0.0,0.0,0.0,0.0,0.0,0.0,0.0,0.6,0.003391477200000001,1.0,0.6689583121612981,0.0,0.0,0.0,nan,nan,nan,nan,nan,0.0,nan,nan,nan,nan,1161.1525060143322,3760.22412109375,,,,,,,,,,
180,1,180,0.0,32.0,32.0,0.15709304809570312,0.0,74.0,0.0,0.0,0.0,0.0,0.0,0.0,0.0,0.0,0.0,0.6,0.003391477200000001,1.0,0.6659171795770789,0.0,0.0,0.0,nan,nan,nan,nan,nan,0.0,nan,nan,nan,nan,1240.6932229641825,3765.04443359375,,,,,,,,,,
181,1,181,0.0,32.0,32.0,0.22859573364257812,0.0,74.0,0.0,0.0,0.0,0.0,0.0,0.0,0.0,0.0,0.0,0.6,0.003391477200000001,1.0,0.6670848313780344,0.0,0.0,0.0,nan,nan,nan,nan,nan,0.0,nan,nan,nan,nan,1103.3125059911981,3758.27099609375,,,,,,,,,,
182,1,182,0.0,32.0,32.0,0.4510688781738281,0.0,74.0,0.0,0.0,0.0,0.0,0.0,0.0,0.0,0.0,0.0,0.6,0.003391477200000001,1.0,0.6650448020688415,0.0,0.0,0.0,nan,nan,nan,nan,nan,0.0,nan,nan,nan,nan,1129.264552029781,3760.13037109375,,,,,,,,,,
183,1,183,0.0,32.0,32.0,0.5947227478027344,0.0,74.0,0.0,0.0,0.0,0.0,0.0,0.0,0.0,0.0,0.0,0.6,0.003391477200000001,1.0,0.6682668186462707,0.0,0.0,0.0,nan,nan,nan,nan,nan,0.0,nan,nan,nan,nan,1125.5677820881829,3767.53857421875,,,,,,,,,,
184,1,184,0.0,32.0,32.0,0.4241142272949219,0.0,74.0,0.0,0.0,0.0,0.0,0.0,0.0,0.0,0.0,0.0,0.6,0.003391477200000001,1.0,0.6651378009084185,0.0,0.0,0.0,nan,nan,nan,nan,nan,0.0,nan,nan,nan,nan,1159.0490250382572,3760.22412109375,,,,,,,,,,
185,1,185,0.0,32.0,32.0,0.3643913269042969,0.0,74.0,0.0,0.0,0.0,0.0,0.0,0.0,0.0,0.0,0.0,0.6,0.003391477200000001,1.0,0.6702495349353575,0.0,0.0,0.0,nan,nan,nan,nan,nan,0.0,nan,nan,nan,nan,1125.51523395814,3758.48388671875,,,,,,,,,,
186,1,186,0.0,32.0,32.0,0.37714385986328125,0.0,74.0,0.0,0.0,0.0,0.0,0.0,0.0,0.0,0.0,0.0,0.6,0.003391477200000001,1.0,0.6708103105620169,0.0,0.0,0.0,nan,nan,nan,nan,nan,0.0,nan,nan,nan,nan,1186.3367219921201,3760.22412109375,,,,,,,,,,
187,1,187,0.0,32.0,32.0,0.15868186950683594,0.0,74.0,0.0,0.0,0.0,0.0,0.0,0.0,0.0,0.0,0.0,0.6,0.003391477200000001,1.0,0.6671382324785035,0.0,0.0,0.0,nan,nan,nan,nan,nan,0.0,nan,nan,nan,nan,1087.7873020945117,3771.42919921875,,,,,,,,,,
188,1,188,0.0,32.0,32.0,0.4167060852050781,0.0,74.0,0.0,0.0,0.0,0.0,0.0,0.0,0.0,0.0,0.0,0.6,0.003391477200000001,1.0,0.6675673512539348,0.0,0.0,0.0,nan,nan,nan,nan,nan,0.0,nan,nan,nan,nan,1115.069053019397,3774.32958984375,,,,,,,,,,
189,1,189,0.0,32.0,32.0,0.4505729675292969,0.0,74.0,0.0,0.0,0.0,0.0,0.0,0.0,0.0,0.0,0.0,0.6,0.003391477200000001,1.0,0.6629145658671388,0.0,0.0,0.0,nan,nan,nan,nan,nan,0.0,nan,nan,nan,nan,1132.9424609430134,3769.59130859375,,,,,,,,,,
190,1,190,0.0,32.0,32.0,0.23571014404296875,0.0,74.0,0.0,0.0,0.0,0.0,0.0,0.0,0.0,0.0,0.0,0.6,0.003391477200000001,1.0,0.6707486888434742,0.0,0.0,0.0,nan,nan,nan,nan,nan,0.0,nan,nan,nan,nan,1111.0943460371345,3761.61474609375,,,,,,,,,,
191,1,191,0.0,32.0,32.0,0.4587593078613281,0.0,74.0,0.0,0.0,0.0,0.0,0.0,0.0,0.0,0.0,0.0,0.6,0.003391477200000001,1.0,0.6691313525895771,0.0,0.0,0.0,nan,nan,nan,nan,nan,0.0,nan,nan,nan,nan,1155.8026700513437,3767.34912109375,,,,,,,,,,
192,1,192,0.0,32.0,32.0,0.4038658142089844,0.0,74.0,0.0,0.0,0.0,0.0,0.0,0.0,0.0,0.0,0.0,0.6,0.003391477200000001,1.0,0.6700607137869048,0.0,0.0,0.0,nan,nan,nan,nan,nan,0.0,nan,nan,nan,nan,1145.199363003485,3765.04443359375,,,,,,,,,,
193,1,193,0.0,32.0,32.0,0.2591552734375,0.0,74.0,0.0,0.0,0.0,0.0,0.0,0.0,0.0,0.0,0.0,0.6,0.003391477200000001,1.0,0.6695838757332901,0.0,0.0,0.0,nan,nan,nan,nan,nan,0.0,nan,nan,nan,nan,1210.8682710677385,3755.62451171875,,,,,,,,,,
194,1,194,0.0,32.0,32.0,0.3242454528808594,0.0,74.0,0.0,0.0,0.0,0.0,0.0,0.0,0.0,0.0,0.0,0.6,0.003391477200000001,1.0,0.6708701671759918,0.0,0.0,0.0,nan,nan,nan,nan,nan,0.0,nan,nan,nan,nan,1230.7808289770037,3767.50537109375,,,,,,,,,,
195,1,195,0.0,32.0,32.0,0.18792343139648438,0.0,74.0,0.0,0.0,0.0,0.0,0.0,0.0,0.0,0.0,0.0,0.6,0.003391477200000001,1.0,0.6666586681840202,0.0,0.0,0.0,nan,nan,nan,nan,nan,0.0,nan,nan,nan,nan,1147.7777879917994,3767.34912109375,,,,,,,,,,
196,1,196,0.0,32.0,32.0,0.16682815551757812,0.0,74.0,0.0,0.0,0.0,0.0,0.0,0.0,0.0,0.0,0.0,0.6,0.003391477200000001,1.0,0.669091865280324,0.0,0.0,0.0,nan,nan,nan,nan,nan,0.0,nan,nan,nan,nan,1157.4559429427609,3771.42919921875,,,,,,,,,,
197,1,197,0.0,32.0,32.0,0.3843574523925781,0.0,74.0,0.0,0.0,0.0,0.0,0.0,0.0,0.0,0.0,0.0,0.6,0.003391477200000001,1.0,0.6701215770597609,0.0,0.0,0.0,nan,nan,nan,nan,nan,0.0,nan,nan,nan,nan,1138.3477229392156,3767.34912109375,,,,,,,,,,
198,1,198,0.0,32.0,32.0,0.25412559509277344,0.0,74.0,0.0,0.0,0.0,0.0,0.0,0.0,0.0,0.0,0.0,0.6,0.003391477200000001,1.0,0.6682347093085936,0.0,0.0,0.0,nan,nan,nan,nan,nan,0.0,nan,nan,nan,nan,1176.4092310331762,3760.22412109375,,,,,,,,,,
199,1,199,0.0,32.0,32.0,0.3702049255371094,0.0,74.0,0.0,0.0,0.0,0.0,0.0,0.0,0.0,0.0,0.0,0.6,0.003391477200000001,1.0,0.6680296566907409,0.0,0.0,0.0,nan,nan,nan,nan,nan,0.0,nan,nan,nan,nan,1136.7271119961515,3760.22412109375,,,,,,,,,,
200,1,200,0.0,32.0,32.0,0.25513458251953125,0.0,74.0,0.0,0.0,0.0,0.0,0.0,0.0,0.0,0.0,0.0,0.6,0.003391477200000001,1.0,0.6696896579421295,0.0,0.0,0.0,nan,nan,nan,nan,nan,0.0,nan,nan,nan,nan,1111.310143955052,3761.84912109375,,,,,,,,,,
201,1,201,0.0,32.0,32.0,0.2667045593261719,0.0,74.0,0.0,0.0,0.0,0.0,0.0,0.0,0.0,0.0,0.0,0.6,0.003391477200000001,1.0,0.6669576831241294,0.0,0.0,0.0,nan,nan,nan,nan,nan,0.0,nan,nan,nan,nan,1148.7500090152025,3769.34716796875,,,,,,,,,,
202,1,202,0.0,32.0,32.0,0.21678543090820312,0.0,74.0,0.0,0.0,0.0,0.0,0.0,0.0,0.0,0.0,0.0,0.6,0.003391477200000001,1.0,0.6696356778972041,0.0,0.0,0.0,nan,nan,nan,nan,nan,0.0,nan,nan,nan,nan,1157.9438720364124,3769.06005859375,,,,,,,,,,
203,1,203,0.0,32.0,32.0,0.47200775146484375,0.0,74.0,0.0,0.0,0.0,0.0,0.0,0.0,0.0,0.0,0.0,0.6,0.003391477200000001,1.0,0.6676381541743281,0.0,0.0,0.0,nan,nan,nan,nan,nan,0.0,nan,nan,nan,nan,1125.3663890529424,3761.84912109375,,,,,,,,,,
204,1,204,0.0,32.0,32.0,0.3053016662597656,0.0,74.0,0.0,0.0,0.0,0.0,0.0,0.0,0.0,0.0,0.0,0.6,0.003391477200000001,1.0,0.6661090099625353,0.0,0.0,0.0,nan,nan,nan,nan,nan,0.0,nan,nan,nan,nan,1157.7099240384996,3773.90380859375,,,,,,,,,,
205,1,205,0.0,32.0,32.0,0.41259193420410156,0.0,74.0,0.0,0.0,0.0,0.0,0.0,0.0,0.0,0.0,0.0,0.6,0.003391477200000001,1.0,0.6684718050885432,0.0,0.0,0.0,nan,nan,nan,nan,nan,0.0,nan,nan,nan,nan,1143.9265590161085,3781.18896484375,,,,,,,,,,
206,1,206,0.0,32.0,32.0,0.2544231414794922,0.0,74.0,0.0,0.0,0.0,0.0,0.0,0.0,0.0,0.0,0.0,0.6,0.003391477200000001,1.0,0.6700886970513935,0.0,0.0,0.0,nan,nan,nan,nan,nan,0.0,nan,nan,nan,nan,1161.2977760378271,3760.22412109375,,,,,,,,,,
207,1,207,0.0,32.0,32.0,0.3764362335205078,0.0,74.0,0.0,0.0,0.0,0.0,0.0,0.0,0.0,0.0,0.0,0.6,0.003391477200000001,1.0,0.6698391990914894,0.0,0.0,0.0,nan,nan,nan,nan,nan,0.0,nan,nan,nan,nan,1169.516016030684,3765.53076171875,,,,,,,,,,
208,1,208,0.0,32.0,32.0,0.30942726135253906,0.0,74.0,0.0,0.0,0.0,0.0,0.0,0.0,0.0,0.0,0.0,0.6,0.003391477200000001,1.0,0.6652871158688353,0.0,0.0,0.0,nan,nan,nan,nan,nan,0.0,nan,nan,nan,nan,1173.673887969926,3774.32958984375,,,,,,,,,,
209,1,209,0.0,32.0,32.0,0.3745708465576172,0.0,74.0,0.0,0.0,0.0,0.0,0.0,0.0,0.0,0.0,0.0,0.6,0.003391477200000001,1.0,0.6692092895010497,0.0,0.0,0.0,nan,nan,nan,nan,nan,0.0,nan,nan,nan,nan,1111.2419239943847,3773.52880859375,,,,,,,,,,
210,1,210,0.0,32.0,32.0,0.5731716156005859,0.0,74.0,0.0,0.0,0.0,0.0,0.0,0.0,0.0,0.0,0.0,0.6,0.003391477200000001,1.0,0.6699000653533169,0.0,0.0,0.0,nan,nan,nan,nan,nan,0.0,nan,nan,nan,nan,1184.2932710424066,3760.13037109375,,,,,,,,,,
211,1,211,0.0,32.0,32.0,0.4399089813232422,0.0,74.0,0.0,0.0,0.0,0.0,0.0,0.0,0.0,0.0,0.0,0.6,0.003391477200000001,1.0,0.667275106613031,0.0,0.0,0.0,nan,nan,nan,nan,nan,0.0,nan,nan,nan,nan,1160.922979004681,3765.04443359375,,,,,,,,,,
212,1,212,0.0,32.0,32.0,0.2595367431640625,0.0,74.0,0.0,0.0,0.0,0.0,0.0,0.0,0.0,0.0,0.0,0.6,0.003391477200000001,1.0,0.6700255166728468,0.0,0.0,0.0,nan,nan,nan,nan,nan,0.0,nan,nan,nan,nan,1143.1340600829571,3761.61474609375,,,,,,,,,,
213,1,213,0.0,32.0,32.0,0.3725433349609375,0.0,74.0,0.0,0.0,0.0,0.0,0.0,0.0,0.0,0.0,0.0,0.6,0.003391477200000001,1.0,0.6674586664439086,0.0,0.0,0.0,nan,nan,nan,nan,nan,0.0,nan,nan,nan,nan,1128.7674329942092,3758.27099609375,,,,,,,,,,
214,1,214,0.0,32.0,32.0,0.2757072448730469,0.0,74.0,0.0,0.0,0.0,0.0,0.0,0.0,0.0,0.0,0.0,0.6,0.003391477200000001,1.0,0.6646779963505688,0.0,0.0,0.0,nan,nan,nan,nan,nan,0.0,nan,nan,nan,nan,1161.284485948272,3761.84912109375,,,,,,,,,,
215,1,215,0.0,32.0,32.0,0.3954277038574219,0.0,74.0,0.0,0.0,0.0,0.0,0.0,0.0,0.0,0.0,0.0,0.6,0.003391477200000001,1.0,0.6667336172390534,0.0,0.0,0.0,nan,nan,nan,nan,nan,0.0,nan,nan,nan,nan,1208.071750937961,3767.53857421875,,,,,,,,,,
216,1,216,0.0,32.0,32.0,0.42049407958984375,0.0,74.0,0.0,0.0,0.0,0.0,0.0,0.0,0.0,0.0,0.0,0.6,0.003391477200000001,1.0,0.6675177952855724,0.0,0.0,0.0,nan,nan,nan,nan,nan,0.0,nan,nan,nan,nan,1189.2612730152905,3765.04443359375,,,,,,,,,,
217,1,217,0.0,32.0,32.0,0.49501800537109375,0.0,74.0,0.0,0.0,0.0,0.0,0.0,0.0,0.0,0.0,0.0,0.6,0.003391477200000001,1.0,0.6679202137680019,0.0,0.0,0.0,nan,nan,nan,nan,nan,0.0,nan,nan,nan,nan,1150.9479020023718,3765.00537109375,,,,,,,,,,
218,1,218,0.0,32.0,32.0,0.32171630859375,0.0,74.0,0.0,0.0,0.0,0.0,0.0,0.0,0.0,0.0,0.0,0.6,0.003391477200000001,1.0,0.6649083921868619,0.0,0.0,0.0,nan,nan,nan,nan,nan,0.0,nan,nan,nan,nan,1183.5340349934995,3769.59130859375,,,,,,,,,,
219,1,219,0.0,32.0,32.0,0.2863197326660156,0.0,74.0,0.0,0.0,0.0,0.0,0.0,0.0,0.0,0.0,0.0,0.6,0.003391477200000001,1.0,0.6652900171316041,0.0,0.0,0.0,nan,nan,nan,nan,nan,0.0,nan,nan,nan,nan,1143.8368969829753,3760.22412109375,,,,,,,,,,
220,1,220,0.0,32.0,32.0,0.5192337036132812,0.0,74.0,0.0,0.0,0.0,0.0,0.0,0.0,0.0,0.0,0.0,0.6,0.003391477200000001,1.0,0.6651192660000702,0.0,0.0,0.0,nan,nan,nan,nan,nan,0.0,nan,nan,nan,nan,1128.1432620016858,3758.48388671875,,,,,,,,,,
221,1,221,0.0,32.0,32.0,0.4461212158203125,0.0,74.0,0.0,0.0,0.0,0.0,0.0,0.0,0.0,0.0,0.0,0.6,0.003391477200000001,1.0,0.6666268215704065,0.0,0.0,0.0,nan,nan,nan,nan,nan,0.0,nan,nan,nan,nan,1177.8303579194471,3760.22412109375,,,,,,,,,,
222,1,222,0.0,32.0,32.0,0.40422821044921875,0.0,74.0,0.0,0.0,0.0,0.0,0.0,0.0,0.0,0.0,0.0,0.6,0.003391477200000001,1.0,0.6655703310889288,0.0,0.0,0.0,nan,nan,nan,nan,nan,0.0,nan,nan,nan,nan,1135.203943005763,3773.52880859375,,,,,,,,,,
223,1,223,0.0,32.0,32.0,0.4517478942871094,0.0,74.0,0.0,0.0,0.0,0.0,0.0,0.0,0.0,0.0,0.0,0.6,0.003391477200000001,1.0,0.666497521666951,0.0,0.0,0.0,nan,nan,nan,nan,nan,0.0,nan,nan,nan,nan,1177.0230610854924,3765.00537109375,,,,,,,,,,
224,1,224,0.0,32.0,32.0,0.327056884765625,0.0,74.0,0.0,0.0,0.0,0.0,0.0,0.0,0.0,0.0,0.0,0.6,0.003391477200000001,1.0,0.6678899872398212,0.0,0.0,0.0,nan,nan,nan,nan,nan,0.0,nan,nan,nan,nan,1145.5542789772153,3769.59130859375,,,,,,,,,,
225,1,225,0.0,32.0,32.0,0.22484588623046875,0.0,74.0,0.0,0.0,0.0,0.0,0.0,0.0,0.0,0.0,0.0,0.6,0.003391477200000001,1.0,0.6674431141394369,0.0,0.0,0.0,nan,nan,nan,nan,nan,0.0,nan,nan,nan,nan,1182.1395219303668,3761.84912109375,,,,,,,,,,
226,1,226,0.0,32.0,32.0,0.32503509521484375,0.0,74.0,0.0,0.0,0.0,0.0,0.0,0.0,0.0,0.0,0.0,0.6,0.003391477200000001,1.0,0.6641002817651261,0.0,0.0,0.0,nan,nan,nan,nan,nan,0.0,nan,nan,nan,nan,1124.5415199082345,3758.48388671875,,,,,,,,,,
227,1,227,0.0,32.0,32.0,0.3309898376464844,0.0,74.0,0.0,0.0,0.0,0.0,0.0,0.0,0.0,0.0,0.0,0.6,0.003391477200000001,1.0,0.6685467856825589,0.0,0.0,0.0,nan,nan,nan,nan,nan,0.0,nan,nan,nan,nan,1176.1174800340086,3762.04638671875,,,,,,,,,,
228,1,228,0.0,32.0,32.0,0.30956268310546875,0.0,74.0,0.0,0.0,0.0,0.0,0.0,0.0,0.0,0.0,0.0,0.6,0.003391477200000001,1.0,0.6656229254441217,0.0,0.0,0.0,nan,nan,nan,nan,nan,0.0,nan,nan,nan,nan,1186.2880910048261,3769.34716796875,,,,,,,,,,
229,1,229,0.0,32.0,32.0,0.32604217529296875,0.0,74.0,0.0,0.0,0.0,0.0,0.0,0.0,0.0,0.0,0.0,0.6,0.003391477200000001,1.0,0.6639488960419299,0.0,0.0,0.0,nan,nan,nan,nan,nan,0.0,nan,nan,nan,nan,1129.5150209916756,3769.59130859375,,,,,,,,,,
230,1,230,0.0,20.0,20.0,0.17411499023437502,0.0,74.0,0.0,0.0,0.0,0.0,0.0,0.0,0.0,0.0,0.0,0.6,0.003391477200000001,1.0,0.6694770599035871,0.0,0.0,0.0,nan,nan,nan,nan,nan,0.0,nan,nan,nan,nan,1038.8930269982666,3314.220703125,,,,,,,,,,
231,1,231,0.0,32.0,32.0,0.2630023956298828,0.0,74.0,0.0,0.0,0.0,0.0,0.0,0.0,0.0,0.0,0.0,0.6,0.003391477200000001,1.0,0.6669167208756477,0.0,0.0,0.0,nan,nan,nan,nan,nan,0.0,nan,nan,nan,nan,1133.8241540361196,3765.00537109375,,,,,,,,,,
232,1,232,0.0,32.0,32.0,0.1791210174560547,0.0,74.0,0.0,0.0,0.0,0.0,0.0,0.0,0.0,0.0,0.0,0.6,0.003391477200000001,1.0,0.6666599683894716,0.0,0.0,0.0,nan,nan,nan,nan,nan,0.0,nan,nan,nan,nan,1161.9879980571568,3769.59130859375,,,,,,,,,,
233,1,233,0.0,32.0,32.0,0.11688995361328125,0.0,74.0,0.0,0.0,0.0,0.0,0.0,0.0,0.0,0.0,0.0,0.6,0.003391477200000001,1.0,0.6642077544649762,0.0,0.0,0.0,nan,nan,nan,nan,nan,0.0,nan,nan,nan,nan,1186.5121650043875,3761.84912109375,,,,,,,,,,
234,1,234,0.0,32.0,32.0,0.26737213134765625,0.0,74.0,0.0,0.0,0.0,0.0,0.0,0.0,0.0,0.0,0.0,0.6,0.003391477200000001,1.0,0.6674951688104097,0.0,0.0,0.0,nan,nan,nan,nan,nan,0.0,nan,nan,nan,nan,1177.9634419362992,3767.34912109375,,,,,,,,,,
235,1,235,0.0,32.0,32.0,0.3195152282714844,0.0,74.0,0.0,0.0,0.0,0.0,0.0,0.0,0.0,0.0,0.0,0.6,0.003391477200000001,1.0,0.6655334124807601,0.0,0.0,0.0,nan,nan,nan,nan,nan,0.0,nan,nan,nan,nan,1126.326743979007,3768.29443359375,,,,,,,,,,
236,1,236,0.0,32.0,32.0,0.21968650817871094,0.0,74.0,0.0,0.0,0.0,0.0,0.0,0.0,0.0,0.0,0.0,0.6,0.003391477200000001,1.0,0.667233239927727,0.0,0.0,0.0,nan,nan,nan,nan,nan,0.0,nan,nan,nan,nan,1143.668056000024,3762.04638671875,,,,,,,,,,
237,1,237,0.0,32.0,32.0,0.3503837585449219,0.0,74.0,0.0,0.0,0.0,0.0,0.0,0.0,0.0,0.0,0.0,0.6,0.003391477200000001,1.0,0.66996108718149,0.0,0.0,0.0,nan,nan,nan,nan,nan,0.0,nan,nan,nan,nan,1164.6642569685355,3761.61474609375,,,,,,,,,,
238,1,238,0.0,32.0,32.0,0.4231891632080078,0.0,74.0,0.0,0.0,0.0,0.0,0.0,0.0,0.0,0.0,0.0,0.6,0.003391477200000001,1.0,0.6693620946425344,0.0,0.0,0.0,nan,nan,nan,nan,nan,0.0,nan,nan,nan,nan,1198.8208499969915,3767.53857421875,,,,,,,,,,
239,1,239,0.0,32.0,32.0,0.2280292510986328,0.0,74.0,0.0,0.0,0.0,0.0,0.0,0.0,0.0,0.0,0.0,0.6,0.003391477200000001,1.0,0.6677683164505486,0.0,0.0,0.0,nan,nan,nan,nan,nan,0.0,nan,nan,nan,nan,1164.1983709996566,3765.00537109375,,,,,,,,,,
240,1,240,0.0,32.0,32.0,0.16643905639648438,0.0,74.0,0.0,0.0,0.0,0.0,0.0,0.0,0.0,0.0,0.0,0.6,0.003391477200000001,1.0,0.6705895568907758,0.0,0.0,0.0,nan,nan,nan,nan,nan,0.0,nan,nan,nan,nan,1183.6951490258798,3758.48388671875,,,,,,,,,,
241,1,241,0.0,32.0,32.0,0.100433349609375,0.0,74.0,0.0,0.0,0.0,0.0,0.0,0.0,0.0,0.0,0.0,0.6,0.003391477200000001,1.0,0.6685142009326066,0.0,0.0,0.0,nan,nan,nan,nan,nan,0.0,nan,nan,nan,nan,1176.654163049534,3758.27099609375,,,,,,,,,,
242,1,242,0.0,32.0,32.0,0.23567581176757812,0.0,74.0,0.0,0.0,0.0,0.0,0.0,0.0,0.0,0.0,0.0,0.6,0.003391477200000001,1.0,0.6626892077518832,0.0,0.0,0.0,nan,nan,nan,nan,nan,0.0,nan,nan,nan,nan,1135.0943809375167,3762.50732421875,,,,,,,,,,
243,1,243,0.0,32.0,32.0,0.30039405822753906,0.0,74.0,0.0,0.0,0.0,0.0,0.0,0.0,0.0,0.0,0.0,0.6,0.003391477200000001,1.0,0.6692890303879451,0.0,0.0,0.0,nan,nan,nan,nan,nan,0.0,nan,nan,nan,nan,1136.6699630161747,3767.34912109375,,,,,,,,,,
244,1,244,0.0,32.0,32.0,0.2545967102050781,0.0,74.0,0.0,0.0,0.0,0.0,0.0,0.0,0.0,0.0,0.0,0.6,0.003391477200000001,1.0,0.6674524448356206,0.0,0.0,0.0,nan,nan,nan,nan,nan,0.0,nan,nan,nan,nan,1152.908215066418,3765.04443359375,,,,,,,,,,
245,1,245,0.0,32.0,32.0,0.2791252136230469,0.0,74.0,0.0,0.0,0.0,0.0,0.0,0.0,0.0,0.0,0.0,0.6,0.003391477200000001,1.0,0.6671893664905343,0.0,0.0,0.0,nan,nan,nan,nan,nan,0.0,nan,nan,nan,nan,1162.6660430338234,3758.27099609375,,,,,,,,,,
246,1,246,0.0,32.0,32.0,0.24520111083984375,0.0,74.0,0.0,0.0,0.0,0.0,0.0,0.0,0.0,0.0,0.0,0.6,0.003391477200000001,1.0,0.6688949633128831,0.0,0.0,0.0,nan,nan,nan,nan,nan,0.0,nan,nan,nan,nan,1157.4934169184417,3769.59130859375,,,,,,,,,,
247,1,247,0.0,32.0,32.0,0.27112579345703125,0.0,74.0,0.0,0.0,0.0,0.0,0.0,0.0,0.0,0.0,0.0,0.6,0.003391477200000001,1.0,0.6671077827783142,0.0,0.0,0.0,nan,nan,nan,nan,nan,0.0,nan,nan,nan,nan,1182.9056909773499,3762.50732421875,,,,,,,,,,
248,1,248,0.0,32.0,32.0,0.3419628143310547,0.0,74.0,0.0,0.0,0.0,0.0,0.0,0.0,0.0,0.0,0.0,0.6,0.003391477200000001,1.0,0.6677497438250656,0.0,0.0,0.0,nan,nan,nan,nan,nan,0.0,nan,nan,nan,nan,1200.1461590407416,3765.04443359375,,,,,,,,,,
249,1,249,0.0,32.0,32.0,0.37580108642578125,0.0,74.0,0.0,0.0,0.0,0.0,0.0,0.0,0.0,0.0,0.0,0.6,0.003391477200000001,1.0,0.6680336314321439,0.0,0.0,0.0,nan,nan,nan,nan,nan,0.0,nan,nan,nan,nan,1139.5635540829971,3760.22412109375,,,,,,,,,,
250,1,250,0.0,32.0,32.0,0.2351398468017578,0.0,74.0,0.0,0.0,0.0,0.0,0.0,0.0,0.0,0.0,0.0,0.6,0.003391477200000001,1.0,0.6686163718373335,0.0,0.0,0.0,nan,nan,nan,nan,nan,0.0,nan,nan,nan,nan,1182.9429840436205,3769.03076171875,,,,,,,,,,
251,1,251,0.0,32.0,32.0,0.11017036437988281,0.0,74.0,0.0,0.0,0.0,0.0,0.0,0.0,0.0,0.0,0.0,0.6,0.003391477200000001,1.0,0.6678010292700634,0.0,0.0,0.0,nan,nan,nan,nan,nan,0.0,nan,nan,nan,nan,1135.751183028333,3758.27099609375,,,,,,,,,,
252,1,252,0.0,32.0,32.0,0.1726818084716797,0.0,74.0,0.0,0.0,0.0,0.0,0.0,0.0,0.0,0.0,0.0,0.6,0.003391477200000001,1.0,0.6647159279307645,0.0,0.0,0.0,nan,nan,nan,nan,nan,0.0,nan,nan,nan,nan,1185.0273660384119,3761.61474609375,,,,,,,,,,
253,1,253,0.0,32.0,32.0,0.2383708953857422,0.0,74.0,0.0,0.0,0.0,0.0,0.0,0.0,0.0,0.0,0.0,0.6,0.003391477200000001,1.0,0.6643780525316831,0.0,0.0,0.0,nan,nan,nan,nan,nan,0.0,nan,nan,nan,nan,1160.5095310369506,3758.48388671875,,,,,,,,,,
254,1,254,0.0,32.0,32.0,0.24581527709960938,0.0,74.0,0.0,0.0,0.0,0.0,0.0,0.0,0.0,0.0,0.0,0.6,0.003391477200000001,1.0,0.6637734308542512,0.0,0.0,0.0,nan,nan,nan,nan,nan,0.0,nan,nan,nan,nan,1176.2623559916392,3773.52880859375,,,,,,,,,,
255,1,255,0.0,32.0,32.0,0.24974441528320312,0.0,74.0,0.0,0.0,0.0,0.0,0.0,0.0,0.0,0.0,0.0,0.6,0.003391477200000001,1.0,0.6672185798175787,0.0,0.0,0.0,nan,nan,nan,nan,nan,0.0,nan,nan,nan,nan,780.4887009551749,3758.48388671875,,,,,,,,,,
256,1,256,0.0,32.0,32.0,0.2183094024658203,0.0,74.0,0.0,0.0,0.0,0.0,0.0,0.0,0.0,0.0,0.0,0.6,0.003391477200000001,1.0,0.6647528769424054,0.0,0.0,0.0,nan,nan,nan,nan,nan,0.0,nan,nan,nan,nan,627.922481042333,3765.04443359375,,,,,,,,,,
257,1,257,0.0,32.0,32.0,0.17116928100585938,0.0,74.0,0.0,0.0,0.0,0.0,0.0,0.0,0.0,0.0,0.0,0.6,0.003391477200000001,1.0,0.6670750706150087,0.0,0.0,0.0,nan,nan,nan,nan,nan,0.0,nan,nan,nan,nan,632.5410560239106,3761.84912109375,,,,,,,,,,
258,1,258,0.0,32.0,32.0,0.2337188720703125,0.0,74.0,0.0,0.0,0.0,0.0,0.0,0.0,0.0,0.0,0.0,0.6,0.003391477200000001,1.0,0.6683393606166647,0.0,0.0,0.0,nan,nan,nan,nan,nan,0.0,nan,nan,nan,nan,632.9611040418968,3760.22412109375,,,,,,,,,,
259,1,259,0.0,32.0,32.0,0.6359119415283203,0.0,74.0,0.0,0.0,0.0,0.0,0.0,0.0,0.0,0.0,0.0,0.6,0.003391477200000001,1.0,0.6681311713882242,0.0,0.0,0.0,nan,nan,nan,nan,nan,0.0,nan,nan,nan,nan,610.8743409859017,3758.48388671875,,,,,,,,,,
260,1,260,0.0,32.0,32.0,0.3828449249267578,0.0,74.0,0.0,0.0,0.0,0.0,0.0,0.0,0.0,0.0,0.0,0.6,0.003391477200000001,1.0,0.6662409673899611,0.0,0.0,0.0,nan,nan,nan,nan,nan,0.0,nan,nan,nan,nan,1057.798456051387,3765.00537109375,,,,,,,,,,
261,1,261,0.0,32.0,32.0,0.16263771057128906,0.0,74.0,0.0,0.0,0.0,0.0,0.0,0.0,0.0,0.0,0.0,0.6,0.003391477200000001,1.0,0.6701742695205795,0.0,0.0,0.0,nan,nan,nan,nan,nan,0.0,nan,nan,nan,nan,1206.593047012575,3767.53857421875,,,,,,,,,,
262,1,262,0.0,32.0,32.0,0.2625579833984375,0.0,74.0,0.0,0.0,0.0,0.0,0.0,0.0,0.0,0.0,0.0,0.6,0.003391477200000001,1.0,0.6648698208969214,0.0,0.0,0.0,nan,nan,nan,nan,nan,0.0,nan,nan,nan,nan,1208.4446609951556,3760.22412109375,,,,,,,,,,
263,1,263,0.0,32.0,32.0,0.12839698791503906,0.0,74.0,0.0,0.0,0.0,0.0,0.0,0.0,0.0,0.0,0.0,0.6,0.003391477200000001,1.0,0.6669626313317246,0.0,0.0,0.0,nan,nan,nan,nan,nan,0.0,nan,nan,nan,nan,1108.7300720391795,3760.22412109375,,,,,,,,,,
264,1,264,0.0,32.0,32.0,0.3291301727294922,0.0,74.0,0.0,0.0,0.0,0.0,0.0,0.0,0.0,0.0,0.0,0.6,0.003391477200000001,1.0,0.6654638839802962,0.0,0.0,0.0,nan,nan,nan,nan,nan,0.0,nan,nan,nan,nan,1158.497173921205,3765.00537109375,,,,,,,,,,
265,1,265,0.0,32.0,32.0,0.27121734619140625,0.0,74.0,0.0,0.0,0.0,0.0,0.0,0.0,0.0,0.0,0.0,0.6,0.003391477200000001,1.0,0.667779902252905,0.0,0.0,0.0,nan,nan,nan,nan,nan,0.0,nan,nan,nan,nan,1156.9719490362331,3760.07373046875,,,,,,,,,,
266,1,266,0.0,32.0,32.0,0.2786407470703125,0.0,74.0,0.0,0.0,0.0,0.0,0.0,0.0,0.0,0.0,0.0,0.6,0.003391477200000001,1.0,0.6691958795696755,0.0,0.0,0.0,nan,nan,nan,nan,nan,0.0,nan,nan,nan,nan,1135.4176721069962,3779.70263671875,,,,,,,,,,
267,1,267,0.0,32.0,32.0,0.17570877075195312,0.0,74.0,0.0,0.0,0.0,0.0,0.0,0.0,0.0,0.0,0.0,0.6,0.003391477200000001,1.0,0.6666332539311541,0.0,0.0,0.0,nan,nan,nan,nan,nan,0.0,nan,nan,nan,nan,1213.8459150446579,3762.04638671875,,,,,,,,,,
268,1,268,0.0,32.0,32.0,0.1552562713623047,0.0,74.0,0.0,0.0,0.0,0.0,0.0,0.0,0.0,0.0,0.0,0.6,0.003391477200000001,1.0,0.6654667414013826,0.0,0.0,0.0,nan,nan,nan,nan,nan,0.0,nan,nan,nan,nan,1133.9501839829609,3770.33154296875,,,,,,,,,,
269,1,269,0.0,32.0,32.0,0.2756214141845703,0.0,74.0,0.0,0.0,0.0,0.0,0.0,0.0,0.0,0.0,0.0,0.6,0.003391477200000001,1.0,0.6625408685110376,0.0,0.0,0.0,nan,nan,nan,nan,nan,0.0,nan,nan,nan,nan,1149.744173977524,3760.22412109375,,,,,,,,,,
270,1,270,0.0,32.0,32.0,0.2250995635986328,0.0,74.0,0.0,0.0,0.0,0.0,0.0,0.0,0.0,0.0,0.0,0.6,0.003391477200000001,1.0,0.670005485338456,0.0,0.0,0.0,nan,nan,nan,nan,nan,0.0,nan,nan,nan,nan,1190.7211260404438,3762.04638671875,,,,,,,,,,
271,1,271,0.0,32.0,32.0,0.2994346618652344,0.0,74.0,0.0,0.0,0.0,0.0,0.0,0.0,0.0,0.0,0.0,0.6,0.003391477200000001,1.0,0.6664582288058211,0.0,0.0,0.0,nan,nan,nan,nan,nan,0.0,nan,nan,nan,nan,1157.34790393617,3760.13037109375,,,,,,,,,,
272,1,272,0.0,32.0,32.0,0.4713859558105469,0.0,74.0,0.0,0.0,0.0,0.0,0.0,0.0,0.0,0.0,0.0,0.6,0.003391477200000001,1.0,0.6690102052471995,0.0,0.0,0.0,nan,nan,nan,nan,nan,0.0,nan,nan,nan,nan,1154.736310010776,3761.61474609375,,,,,,,,,,
273,1,273,0.0,32.0,32.0,0.21541786193847656,0.0,74.0,0.0,0.0,0.0,0.0,0.0,0.0,0.0,0.0,0.0,0.6,0.003391477200000001,1.0,0.6668483122154258,0.0,0.0,0.0,nan,nan,nan,nan,nan,0.0,nan,nan,nan,nan,1128.9981890004128,3774.32958984375,,,,,,,,,,
274,1,274,0.0,32.0,32.0,0.20064544677734375,0.0,74.0,0.0,0.0,0.0,0.0,0.0,0.0,0.0,0.0,0.0,0.6,0.003391477200000001,1.0,0.662181334794533,0.0,0.0,0.0,nan,nan,nan,nan,nan,0.0,nan,nan,nan,nan,1177.200205042027,3758.48388671875,,,,,,,,,,
275,1,275,0.0,32.0,32.0,0.1931304931640625,0.0,74.0,0.0,0.0,0.0,0.0,0.0,0.0,0.0,0.0,0.0,0.6,0.003391477200000001,1.0,0.6710717040946936,0.0,0.0,0.0,nan,nan,nan,nan,nan,0.0,nan,nan,nan,nan,1158.1906280480325,3760.22412109375,,,,,,,,,,
276,1,276,0.0,32.0,32.0,0.4079418182373047,0.0,74.0,0.0,0.0,0.0,0.0,0.0,0.0,0.0,0.0,0.0,0.6,0.003391477200000001,1.0,0.6652416528904037,0.0,0.0,0.0,nan,nan,nan,nan,nan,0.0,nan,nan,nan,nan,1174.371359986253,3765.04443359375,,,,,,,,,,
277,1,277,0.0,32.0,32.0,0.11840438842773438,0.0,74.0,0.0,0.0,0.0,0.0,0.0,0.0,0.0,0.0,0.0,0.6,0.003391477200000001,1.0,0.6684532396173839,0.0,0.0,0.0,nan,nan,nan,nan,nan,0.0,nan,nan,nan,nan,1154.9176740227267,3758.27099609375,,,,,,,,,,
278,1,278,0.0,32.0,32.0,0.21709251403808594,0.0,74.0,0.0,0.0,0.0,0.0,0.0,0.0,0.0,0.0,0.0,0.6,0.003391477200000001,1.0,0.6685319761419358,0.0,0.0,0.0,nan,nan,nan,nan,nan,0.0,nan,nan,nan,nan,1160.0504330126569,3765.00537109375,,,,,,,,,,
279,1,279,0.0,32.0,32.0,0.3245067596435547,0.0,74.0,0.0,0.0,0.0,0.0,0.0,0.0,0.0,0.0,0.0,0.6,0.003391477200000001,1.0,0.6673574325505272,0.0,0.0,0.0,nan,nan,nan,nan,nan,0.0,nan,nan,nan,nan,1236.5767990704626,3774.17919921875,,,,,,,,,,
280,1,280,0.0,32.0,32.0,0.5346031188964844,0.0,74.0,0.0,0.0,0.0,0.0,0.0,0.0,0.0,0.0,0.0,0.6,0.003391477200000001,1.0,0.6687168242376615,0.0,0.0,0.0,nan,nan,nan,nan,nan,0.0,nan,nan,nan,nan,1126.9637059886009,3761.84912109375,,,,,,,,,,
281,1,281,0.0,32.0,32.0,0.2290019989013672,0.0,74.0,0.0,0.0,0.0,0.0,0.0,0.0,0.0,0.0,0.0,0.6,0.003391477200000001,1.0,0.6670776585371906,0.0,0.0,0.0,nan,nan,nan,nan,nan,0.0,nan,nan,nan,nan,1204.4989209389314,3767.50537109375,,,,,,,,,,
282,1,282,0.0,32.0,32.0,0.1345996856689453,0.0,74.0,0.0,0.0,0.0,0.0,0.0,0.0,0.0,0.0,0.0,0.6,0.003391477200000001,1.0,0.6657945841260575,0.0,0.0,0.0,nan,nan,nan,nan,nan,0.0,nan,nan,nan,nan,1195.2579220524058,3767.34912109375,,,,,,,,,,
283,1,283,0.0,32.0,32.0,0.24876022338867188,0.0,74.0,0.0,0.0,0.0,0.0,0.0,0.0,0.0,0.0,0.0,0.6,0.003391477200000001,1.0,0.6671354863195108,0.0,0.0,0.0,nan,nan,nan,nan,nan,0.0,nan,nan,nan,nan,1169.2404920468107,3771.42919921875,,,,,,,,,,
284,1,284,0.0,32.0,32.0,0.3086128234863281,0.0,74.0,0.0,0.0,0.0,0.0,0.0,0.0,0.0,0.0,0.0,0.6,0.003391477200000001,1.0,0.6681699087478127,0.0,0.0,0.0,nan,nan,nan,nan,nan,0.0,nan,nan,nan,nan,1155.7815779233351,3769.34716796875,,,,,,,,,,
285,1,285,0.0,32.0,32.0,0.3222999572753906,0.0,74.0,0.0,0.0,0.0,0.0,0.0,0.0,0.0,0.0,0.0,0.6,0.003391477200000001,1.0,0.6646799448828811,0.0,0.0,0.0,nan,nan,nan,nan,nan,0.0,nan,nan,nan,nan,1151.740564033389,3768.29443359375,,,,,,,,,,
286,1,286,0.0,32.0,32.0,0.10160636901855469,0.0,74.0,0.0,0.0,0.0,0.0,0.0,0.0,0.0,0.0,0.0,0.6,0.003391477200000001,1.0,0.6681855597900301,0.0,0.0,0.0,nan,nan,nan,nan,nan,0.0,nan,nan,nan,nan,1148.875493905507,3765.00537109375,,,,,,,,,,
287,1,287,0.0,32.0,32.0,0.11155891418457031,0.0,74.0,0.0,0.0,0.0,0.0,0.0,0.0,0.0,0.0,0.0,0.6,0.003391477200000001,1.0,0.6692448883075933,0.0,0.0,0.0,nan,nan,nan,nan,nan,0.0,nan,nan,nan,nan,1149.2579160258174,3765.04443359375,,,,,,,,,,
288,1,288,0.0,32.0,32.0,0.12152099609375,0.0,74.0,0.0,0.0,0.0,0.0,0.0,0.0,0.0,0.0,0.0,0.6,0.003391477200000001,1.0,0.6675233964908323,0.0,0.0,0.0,nan,nan,nan,nan,nan,0.0,nan,nan,nan,nan,1152.6071950793266,3758.27099609375,,,,,,,,,,
289,1,289,0.0,32.0,32.0,0.318145751953125,0.0,74.0,0.0,0.0,0.0,0.0,0.0,0.0,0.0,0.0,0.0,0.6,0.003391477200000001,1.0,0.6702783787785396,0.0,0.0,0.0,nan,nan,nan,nan,nan,0.0,nan,nan,nan,nan,1209.439010010101,3771.42919921875,,,,,,,,,,
290,1,290,0.0,32.0,32.0,0.3783893585205078,0.0,74.0,0.0,0.0,0.0,0.0,0.0,0.0,0.0,0.0,0.0,0.6,0.003391477200000001,1.0,0.665336532216986,0.0,0.0,0.0,nan,nan,nan,nan,nan,0.0,nan,nan,nan,nan,1170.0899810530245,3769.03076171875,,,,,,,,,,
291,1,291,0.0,32.0,32.0,0.1981525421142578,0.0,74.0,0.0,0.0,0.0,0.0,0.0,0.0,0.0,0.0,0.0,0.6,0.003391477200000001,1.0,0.6670306704673427,0.0,0.0,0.0,nan,nan,nan,nan,nan,0.0,nan,nan,nan,nan,1129.5078500406817,3767.53857421875,,,,,,,,,,
292,1,292,0.0,32.0,32.0,0.33272552490234375,0.0,74.0,0.0,0.0,0.0,0.0,0.0,0.0,0.0,0.0,0.0,0.6,0.003391477200000001,1.0,0.6656251027171723,0.0,0.0,0.0,nan,nan,nan,nan,nan,0.0,nan,nan,nan,nan,1167.3427830683067,3760.07373046875,,,,,,,,,,
293,1,293,0.0,32.0,32.0,0.23317527770996094,0.0,74.0,0.0,0.0,0.0,0.0,0.0,0.0,0.0,0.0,0.0,0.6,0.003391477200000001,1.0,0.6699923790562221,0.0,0.0,0.0,nan,nan,nan,nan,nan,0.0,nan,nan,nan,nan,1140.3007210465148,3761.84912109375,,,,,,,,,,
294,1,294,0.0,32.0,32.0,0.3226356506347656,0.0,74.0,0.0,0.0,0.0,0.0,0.0,0.0,0.0,0.0,0.0,0.6,0.003391477200000001,1.0,0.6719052809049603,0.0,0.0,0.0,nan,nan,nan,nan,nan,0.0,nan,nan,nan,nan,1146.2371329544112,3765.00537109375,,,,,,,,,,
295,1,295,0.0,32.0,32.0,0.2062358856201172,0.0,74.0,0.0,0.0,0.0,0.0,0.0,0.0,0.0,0.0,0.0,0.6,0.003391477200000001,1.0,0.6646624128430572,0.0,0.0,0.0,nan,nan,nan,nan,nan,0.0,nan,nan,nan,nan,1179.5537290163338,3770.33154296875,,,,,,,,,,
296,1,296,0.0,32.0,32.0,0.3009796142578125,0.0,74.0,0.0,0.0,0.0,0.0,0.0,0.0,0.0,0.0,0.0,0.6,0.003391477200000001,1.0,0.6694804907200732,0.0,0.0,0.0,nan,nan,nan,nan,nan,0.0,nan,nan,nan,nan,1116.8690980412066,3769.59130859375,,,,,,,,,,
297,1,297,0.0,32.0,32.0,0.2066364288330078,0.0,74.0,0.0,0.0,0.0,0.0,0.0,0.0,0.0,0.0,0.0,0.6,0.003391477200000001,1.0,0.6640741470345753,0.0,0.0,0.0,nan,nan,nan,nan,nan,0.0,nan,nan,nan,nan,1126.4246919890866,3769.34716796875,,,,,,,,,,
298,1,298,0.0,32.0,32.0,0.3818931579589844,0.0,74.0,0.0,0.0,0.0,0.0,0.0,0.0,0.0,0.0,0.0,0.6,0.003391477200000001,1.0,0.6685528847161749,0.0,0.0,0.0,nan,nan,nan,nan,nan,0.0,nan,nan,nan,nan,1121.9556770520285,3758.48388671875,,,,,,,,,,
299,1,299,0.0,32.0,32.0,0.19338417053222656,0.0,74.0,0.0,0.0,0.0,0.0,0.0,0.0,0.0,0.0,0.0,0.6,0.003391477200000001,1.0,0.6668904421226468,0.0,0.0,0.0,nan,nan,nan,nan,nan,0.0,nan,nan,nan,nan,1113.072456093505,3773.52880859375,,,,,,,,,,
300,1,300,0.0,32.0,32.0,0.2025127410888672,0.0,74.0,0.0,0.0,0.0,0.0,0.0,0.0,0.0,0.0,0.0,0.6,0.003391477200000001,1.0,0.6687015500977782,0.0,0.0,0.0,nan,nan,nan,nan,nan,0.0,nan,nan,nan,nan,1149.1844140691683,3762.50732421875,,,,,,,,,,
300,1,,1.0,32.0,32.0,,,,,,,,,,,,,,,1.0,0.6687015500977782,0.0,0.0,0.0,nan,nan,nan,nan,nan,0.0,nan,nan,nan,nan,1149.1844140691683,3762.50732421875,0.8799019607843137,0.3078297061415819,0.8799019607843137,0.30512461352806824,0.9239367502726281,0.20105225531303364,0.04403478948831441,0.9231188658669575,0.20133762411449266,0.04321690508264375
