step,epoch,step_in_epoch,probe/is_eval,sys/effective_batch_size,sys/device_batch_size,train/loss,train/gate0_triggered_blocks,train/gate0_considered_blocks,train/gate0_trigger_rate,train/pull_to_r_blocks,train/pull_to_R_blocks,train/pull_to_r_rate,train/pull_to_R_rate,train/alpha_pull_mean,train/alpha_pull_to_r_mean,train/alpha_pull_to_R_mean,train/single_vote_skipped_blocks,train/tau_N,train/tau_D,diag/info_retention_ratio,diag/residual_visibility,diag/conflict_resolution_rate,train/expert_load_r,train/expert_load_R,train/load_cv,train/load_max_min_ratio,train/utilization_ratio,train/routing_entropy,train/routing_entropy_raw,train/active_experts,train/expert_purity,train/intra_expert_coherence,train/intra_expert_conflict,train/inter_expert_similarity,sys/time_per_step_ms,sys/peak_memory_mb,val/acc,val/loss,val/acc_r_only,val/loss_r_only,train/acc,train/loss_eval,gap/train_minus_val,train/acc_r_only,train/loss_r_only_eval,gap_r_only/train_minus_val_r_only
1,1,1,0.0,128.0,128.0,0.7531959097832441,61.0,74.0,0.8243243243243243,0.0,61.0,0.0,1.0,0.16903921134242647,0.0,0.16903921134242647,0.0,0.6,0.005798652457006398,0.999999999992189,0.647445953806774,1.4629610344121763e-08,0.0,61.0,1.0,nan,0.5,-1.4426950249075512e-08,-9.999999889225291e-09,1.0,0.5038985276866622,0.00023010821940839708,0.4998849458902958,nan,2194.7710899985395,8606.1806640625,,,,,,,,,,
2,1,2,0.0,128.0,128.0,0.7036359813064337,65.0,74.0,0.8783783783783784,0.0,65.0,0.0,1.0,0.1687571666050744,0.0,0.1687571666050744,0.0,0.6,0.005798652457006398,0.9999999998653554,0.6491854538876993,6.695799529697209e-09,0.0,65.0,1.0,nan,0.5,-1.4426950249075512e-08,-9.999999889225291e-09,1.0,0.5015557247947573,0.00022534690038687632,0.49988732654980655,nan,1591.6327700251713,9174.88134765625,,,,,,,,,,
3,1,3,0.0,128.0,128.0,0.7157436180859804,60.0,74.0,0.8108108108108109,0.0,60.0,0.0,1.0,0.16880542108092117,0.0,0.16880542108092117,0.0,0.6,0.005798652457006398,1.0000000000225016,0.6511960670663168,2.095472136298719e-10,0.0,60.0,1.0,nan,0.5,-1.4426950249075512e-08,-9.999999889225291e-09,1.0,0.5027382799294258,8.584933952205206e-05,0.499957075330239,nan,1585.8996959868819,9098.380859375,,,,,,,,,,
4,1,4,0.0,128.0,128.0,0.6745703723281622,62.0,74.0,0.8378378378378378,0.0,62.0,0.0,1.0,0.16868810791541636,0.0,0.16868810791541636,0.0,0.6,0.005798652457006398,1.0000000001296045,0.6419575638278603,6.443151198715455e-09,0.0,62.0,1.0,nan,0.5,-1.4426950249075512e-08,-9.999999889225291e-09,1.0,0.5014198145078532,9.366377954347373e-05,0.4999531681102283,nan,1595.9951019613072,9134.380859375,,,,,,,,,,
5,1,5,0.0,128.0,128.0,0.6959298010915518,59.0,74.0,0.7972972972972973,1.0,58.0,0.01694915254237288,0.9830508474576272,0.1687548244617296,0.16295907502615822,0.168854751176136,0.0,0.6,0.005798652457006398,1.000000000224431,0.6602860793018599,-6.034516934534323e-09,1.0,58.0,0.9661016949152542,58.0,1.0,0.12394983885711103,0.08591548133466606,2.0,0.5017283534288618,2.936852300829405e-05,0.49998531573849586,0.0037359509324142747,1591.8027709703892,9078.13037109375,,,,,,,,,,
6,1,6,0.0,128.0,128.0,0.6972126290202141,60.0,74.0,0.8108108108108109,0.0,60.0,0.0,1.0,0.16876820831567854,0.0,0.16876820831567854,0.0,0.6,0.005798652457006398,1.0000000000421871,0.6671818007426399,2.947481746169186e-10,0.0,60.0,1.0,nan,0.5,-1.4426950249075512e-08,-9.999999889225291e-09,1.0,0.5014099976895438,0.00010381685171945635,0.4999480915741403,nan,1590.030851017218,9098.380859375,,,,,,,,,,
7,1,7,0.0,128.0,128.0,0.6869703214615583,51.0,74.0,0.6891891891891891,0.0,51.0,0.0,1.0,0.16887204765457112,0.0,0.16887204765457112,0.0,0.6,0.005798652457006398,0.999999998942456,0.6585030743241227,1.524674229728017e-08,0.0,51.0,1.0,nan,0.5,-1.4426950249075512e-08,-9.999999889225291e-09,1.0,0.5016936504051466,1.2967007202883926e-05,0.49999351649639856,nan,1593.2909449911676,8990.37890625,,,,,,,,,,
8,1,8,0.0,128.0,128.0,0.6984651479870081,50.0,74.0,0.6756756756756757,0.0,50.0,0.0,1.0,0.16877422478267545,0.0,0.16877422478267545,0.0,0.6,0.005798652457006398,1.0000000018060995,0.6676377722053477,5.637943703985652e-09,0.0,50.0,1.0,nan,0.5,-1.4426950249075512e-08,-9.999999889225291e-09,1.0,0.5017488191311498,9.38193357180881e-05,0.49995309033214097,nan,1586.1031340318732,8998.62841796875,,,,,,,,,,
9,1,9,0.0,128.0,128.0,0.6812152527272701,36.0,74.0,0.4864864864864865,2.0,34.0,0.05555555555555555,0.9444444444444444,0.1687662300467284,0.1625349842923246,0.16913277391463452,0.0,0.6,0.005798652457006398,1.0000000000309588,0.6563776215435723,-6.585855597360621e-09,2.0,34.0,0.8888888888888888,17.0,1.0,0.3095434002964257,0.21455913517640599,2.0,0.504076857714844,0.0007920586008947243,0.49960397069955265,0.012454237081164868,1584.3461169861257,8861.37548828125,,,,,,,,,,
10,1,10,0.0,128.0,128.0,0.6890846900641918,34.0,74.0,0.4594594594594595,0.0,34.0,0.0,1.0,0.16858074820545263,0.0,0.16858074820545263,0.0,0.6,0.005798652457006398,0.9999999999649583,0.6608754522761808,1.5885397860583836e-10,0.0,34.0,1.0,nan,0.5,-1.4426950249075512e-08,-9.999999889225291e-09,1.0,0.5026582601922973,-0.00027045464802547605,0.5001352273240127,nan,1579.4283089926466,8829.8759765625,,,,,,,,,,
11,1,11,0.0,128.0,128.0,0.7133262697607279,16.0,74.0,0.21621621621621623,0.0,16.0,0.0,1.0,0.17009545281722338,0.0,0.17009545281722338,0.0,0.6,0.005798652457006398,0.999999999994956,0.657601796580686,-3.9779347064837377e-10,0.0,16.0,1.0,nan,0.5,-1.4426950249075512e-08,-9.999999889225291e-09,1.0,0.5049578749359424,-0.00014381416361214613,0.500071907081806,nan,1568.4571400051937,8728.5166015625,,,,,,,,,,
12,1,12,0.0,128.0,128.0,0.6991157736629248,23.0,74.0,0.3108108108108108,0.0,23.0,0.0,1.0,0.16900278692254062,0.0,0.16900278692254062,0.0,0.6,0.005798652457006398,0.9999999999794734,0.6605647411274885,-1.871748002227486e-10,0.0,23.0,1.0,nan,0.5,-1.4426950249075512e-08,-9.999999889225291e-09,1.0,0.5019033356252786,-0.000222890272735343,0.5001114451363676,nan,1571.7684870469384,8752.8603515625,,,,,,,,,,
13,1,13,0.0,128.0,128.0,0.7085572704672813,23.0,74.0,0.3108108108108108,0.0,23.0,0.0,1.0,0.16841386210865367,0.0,0.16841386210865367,0.0,0.6,0.005798652457006398,0.9999999999792702,0.6589021523691541,3.167109582157872e-09,0.0,23.0,1.0,nan,0.5,-1.4426950249075512e-08,-9.999999889225291e-09,1.0,0.5023354135272085,-9.326700301706728e-05,0.5000466335015086,nan,1679.6155929914676,8760.0791015625,,,,,,,,,,
14,1,14,0.0,128.0,128.0,0.6790117770433426,35.0,74.0,0.47297297297297297,0.0,35.0,0.0,1.0,0.16876218226446982,0.0,0.16876218226446982,0.0,0.6,0.005798652457006398,1.0000000001110174,0.6703269929247425,1.1887673473788965e-08,0.0,35.0,1.0,nan,0.5,-1.4426950249075512e-08,-9.999999889225291e-09,1.0,0.5025931541719179,-0.00020686998399660776,0.5001034349919983,nan,1586.43177698832,8847.8759765625,,,,,,,,,,
15,1,15,0.0,128.0,128.0,0.6849948130548,38.0,74.0,0.5135135135135135,0.0,38.0,0.0,1.0,0.16863770313773915,0.0,0.16863770313773915,0.0,0.6,0.005798652457006398,0.9999999996733057,0.6675546586738654,2.877152120383284e-08,0.0,38.0,1.0,nan,0.5,-1.4426950249075512e-08,-9.999999889225291e-09,1.0,0.5015037534651876,0.000290436744656626,0.49985478162767166,nan,1583.854561962653,8874.87646484375,,,,,,,,,,
16,1,16,0.0,128.0,128.0,0.688015341758728,36.0,74.0,0.4864864864864865,0.0,36.0,0.0,1.0,0.16897978693352014,0.0,0.16897978693352014,0.0,0.6,0.005798652457006398,0.9999999999664136,0.6557805879808154,2.04370751937386e-09,0.0,36.0,1.0,nan,0.5,-1.4426950249075512e-08,-9.999999889225291e-09,1.0,0.5028587102203683,-0.00017721728915509223,0.5000886086445775,nan,1581.9531779852696,8865.8759765625,,,,,,,,,,
17,1,17,0.0,128.0,128.0,0.6847775112837553,44.0,74.0,0.5945945945945946,0.0,44.0,0.0,1.0,0.16865023133989,0.0,0.16865023133989,0.0,0.6,0.005798652457006398,0.999999999829938,0.6675661545536584,3.766975612422885e-09,0.0,44.0,1.0,nan,0.5,-1.4426950249075512e-08,-9.999999889225291e-09,1.0,0.5013673552201927,-7.5185633267939905e-06,0.5000037592816634,nan,1578.8354060496204,8929.6279296875,,,,,,,,,,
18,1,18,0.0,128.0,128.0,0.6843946296721697,34.0,74.0,0.4594594594594595,0.0,34.0,0.0,1.0,0.1689841928874866,0.0,0.1689841928874866,0.0,0.6,0.005798652457006398,0.9999999999197067,0.6549226468087673,3.997185712256337e-09,0.0,34.0,1.0,nan,0.5,-1.4426950249075512e-08,-9.999999889225291e-09,1.0,0.5026740167721901,-0.0002608378248943286,0.5001304189124471,nan,1574.075589014683,8829.1259765625,,,,,,,,,,
19,1,19,0.0,128.0,128.0,0.6897637266665697,40.0,74.0,0.5405405405405406,0.0,40.0,0.0,1.0,0.16876894874086867,0.0,0.16876894874086867,0.0,0.6,0.005798652457006398,0.9999999999088613,0.6597324672821031,4.2096044642618624e-09,0.0,40.0,1.0,nan,0.5,-1.4426950249075512e-08,-9.999999889225291e-09,1.0,0.5017602826579574,0.00018712916195513468,0.4999064354190224,nan,1587.1253519435413,8885.37646484375,,,,,,,,,,
20,1,20,0.0,58.0,58.0,0.681838089022143,24.0,74.0,0.32432432432432434,0.0,24.0,0.0,1.0,0.1691277864880574,0.0,0.1691277864880574,0.0,0.6,0.005798652457006398,0.9999999998401381,0.6689542378958605,-4.907961186368989e-10,0.0,24.0,1.0,nan,0.5,-1.4426950249075512e-08,-9.999999889225291e-09,1.0,0.503356912582871,-0.00026689417664988005,0.500133447088325,nan,772.268496977631,5912.24951171875,,,,,,,,,,
21,1,21,0.0,128.0,128.0,0.6588540729135275,18.0,74.0,0.24324324324324326,0.0,18.0,0.0,1.0,0.16928779057250284,0.0,0.16928779057250284,0.0,0.6,0.005798652457006398,0.9999999999377396,0.6667862161127228,-8.97815607214915e-10,0.0,18.0,1.0,nan,0.5,-1.4426950249075512e-08,-9.999999889225291e-09,1.0,0.5042780270632938,-0.00035474332980811596,0.5001773716649041,nan,1583.0583790084347,8733.7666015625,,,,,,,,,,
22,1,22,0.0,128.0,128.0,0.6596622951328754,14.0,74.0,0.1891891891891892,0.0,14.0,0.0,1.0,0.1689095321827247,0.0,0.1689095321827247,0.0,0.6,0.005798652457006398,1.0000000001094076,0.6690936950380756,1.0276712232694497e-09,0.0,14.0,1.0,nan,0.5,-1.4426950249075512e-08,-9.999999889225291e-09,1.0,0.501812460166652,7.355592970270663e-05,0.49996322203514865,nan,1572.216799017042,8717.2666015625,,,,,,,,,,
23,1,23,0.0,128.0,128.0,0.6897955164313316,5.0,74.0,0.06756756756756757,0.0,5.0,0.0,1.0,0.16841202107650113,0.0,0.16841202107650113,0.0,0.6,0.005798652457006398,1.0000000000018079,0.6690501753932959,-1.6347749989295033e-09,0.0,5.0,1.0,nan,0.5,-1.4426950249075512e-08,-9.999999889225291e-09,1.0,0.5021400440478174,-0.0012537018628790975,0.5006268509314395,nan,1571.194573014509,8687.3603515625,,,,,,,,,,
24,1,24,0.0,128.0,128.0,0.6346918260678649,8.0,74.0,0.10810810810810811,0.0,8.0,0.0,1.0,0.16840215866985156,0.0,0.16840215866985156,0.0,0.6,0.005798652457006398,0.9999999999941868,0.6720111562779083,-2.5984236477948253e-10,0.0,8.0,1.0,nan,0.5,-1.4426950249075512e-08,-9.999999889225291e-09,1.0,0.5022095334342376,-0.0007247949251905084,0.5003623974625953,nan,1568.2881580432877,8694.3916015625,,,,,,,,,,
25,1,25,0.0,128.0,128.0,0.6413087919354439,6.0,74.0,0.08108108108108109,0.0,6.0,0.0,1.0,0.1687665256916713,0.0,0.1687665256916713,0.0,0.6,0.005798652457006398,0.9999999999950132,0.6721433467165245,3.996785978378582e-10,0.0,6.0,1.0,nan,0.5,-1.4426950249075512e-08,-9.999999889225291e-09,1.0,0.5017819632560251,0.00046041738823987544,0.49976979130588006,nan,1661.737313028425,8689.6103515625,,,,,,,,,,
26,1,26,0.0,128.0,128.0,0.6353293191641569,8.0,74.0,0.10810810810810811,0.0,8.0,0.0,1.0,0.1690552135966895,0.0,0.1690552135966895,0.0,0.6,0.005798652457006398,0.9999999999827983,0.6737663396356643,-3.561332141350733e-11,0.0,8.0,1.0,nan,0.5,-1.4426950249075512e-08,-9.999999889225291e-09,1.0,0.5014505046436619,5.7858082982420456e-06,0.4999971070958509,nan,1637.5335629563779,8694.3916015625,,,,,,,,,,
27,1,27,0.0,128.0,128.0,0.6291406992822886,4.0,74.0,0.05405405405405406,0.0,4.0,0.0,1.0,0.16876397600752577,0.0,0.16876397600752577,0.0,0.6,0.005798652457006398,1.0000000000104148,0.6747243299938527,1.9873490109573628e-10,0.0,4.0,1.0,nan,0.5,-1.4426950249075512e-08,-9.999999889225291e-09,1.0,0.5008060373209722,-0.00030699101625941694,0.5001534955081297,nan,1576.99093001429,8685.1103515625,,,,,,,,,,
28,1,28,0.0,128.0,128.0,0.6308874292299151,2.0,74.0,0.02702702702702703,0.0,2.0,0.0,1.0,0.1687023488014821,0.0,0.1687023488014821,0.0,0.6,0.005798652457006398,0.9999999999815228,0.6795449146330669,1.6789164366192366e-09,0.0,2.0,1.0,nan,0.5,-1.4426950249075512e-08,-9.999999889225291e-09,1.0,0.5001411887363494,0.004948433488607407,0.4975257832556963,nan,1568.7392260297202,8680.6103515625,,,,,,,,,,
29,1,29,0.0,128.0,128.0,0.6146346218883991,0.0,74.0,0.0,0.0,0.0,0.0,0.0,0.0,0.0,0.0,0.0,0.6,0.005798652457006398,1.0,0.6742044485609305,0.0,0.0,0.0,nan,nan,nan,nan,nan,0.0,nan,nan,nan,nan,1568.5895130154677,8676.1103515625,,,,,,,,,,
30,1,30,0.0,128.0,128.0,0.6394458655267954,0.0,74.0,0.0,0.0,0.0,0.0,0.0,0.0,0.0,0.0,0.0,0.6,0.005798652457006398,1.0,0.6740037320794945,0.0,0.0,0.0,nan,nan,nan,nan,nan,0.0,nan,nan,nan,nan,1648.2565310434438,8676.1103515625,,,,,,,,,,
31,1,31,0.0,128.0,128.0,0.6101258285343647,0.0,74.0,0.0,0.0,0.0,0.0,0.0,0.0,0.0,0.0,0.0,0.6,0.005798652457006398,1.0,0.6749443777865657,0.0,0.0,0.0,nan,nan,nan,nan,nan,0.0,nan,nan,nan,nan,1591.1620350088924,8676.1103515625,,,,,,,,,,
32,1,32,0.0,128.0,128.0,0.5835640737786889,0.0,74.0,0.0,0.0,0.0,0.0,0.0,0.0,0.0,0.0,0.0,0.6,0.005798652457006398,1.0,0.6814688493367248,0.0,0.0,0.0,nan,nan,nan,nan,nan,0.0,nan,nan,nan,nan,1568.8917170045897,8676.1103515625,,,,,,,,,,
33,1,33,0.0,128.0,128.0,0.5838896194472909,0.0,74.0,0.0,0.0,0.0,0.0,0.0,0.0,0.0,0.0,0.0,0.6,0.005798652457006398,1.0,0.682568413959178,0.0,0.0,0.0,nan,nan,nan,nan,nan,0.0,nan,nan,nan,nan,1564.5943749696016,8676.1103515625,,,,,,,,,,
34,1,34,0.0,128.0,128.0,0.5706043094396591,0.0,74.0,0.0,0.0,0.0,0.0,0.0,0.0,0.0,0.0,0.0,0.6,0.005798652457006398,1.0,0.6775915048718526,0.0,0.0,0.0,nan,nan,nan,nan,nan,0.0,nan,nan,nan,nan,1575.1530169509351,8676.1103515625,,,,,,,,,,
35,1,35,0.0,128.0,128.0,0.5651304228231311,0.0,74.0,0.0,0.0,0.0,0.0,0.0,0.0,0.0,0.0,0.0,0.6,0.005798652457006398,1.0,0.6807059337634418,0.0,0.0,0.0,nan,nan,nan,nan,nan,0.0,nan,nan,nan,nan,1567.5896020256914,8676.1103515625,,,,,,,,,,
36,1,36,0.0,128.0,128.0,0.5568543304689229,0.0,74.0,0.0,0.0,0.0,0.0,0.0,0.0,0.0,0.0,0.0,0.6,0.005798652457006398,1.0,0.6831801390633996,0.0,0.0,0.0,nan,nan,nan,nan,nan,0.0,nan,nan,nan,nan,1563.8999119983055,8676.1103515625,,,,,,,,,,
37,1,37,0.0,128.0,128.0,0.6503117736428976,0.0,74.0,0.0,0.0,0.0,0.0,0.0,0.0,0.0,0.0,0.0,0.6,0.005798652457006398,1.0,0.6835549467970602,0.0,0.0,0.0,nan,nan,nan,nan,nan,0.0,nan,nan,nan,nan,1567.1915200073272,8676.1103515625,,,,,,,,,,
38,1,38,0.0,128.0,128.0,0.6377690760418773,0.0,74.0,0.0,0.0,0.0,0.0,0.0,0.0,0.0,0.0,0.0,0.6,0.005798652457006398,1.0,0.6832159662972963,0.0,0.0,0.0,nan,nan,nan,nan,nan,0.0,nan,nan,nan,nan,1566.0714079858735,8676.1103515625,,,,,,,,,,
39,1,39,0.0,128.0,128.0,0.5965296309441328,0.0,74.0,0.0,0.0,0.0,0.0,0.0,0.0,0.0,0.0,0.0,0.6,0.005798652457006398,1.0,0.6819261176314824,0.0,0.0,0.0,nan,nan,nan,nan,nan,0.0,nan,nan,nan,nan,1571.3615579879843,8676.1103515625,,,,,,,,,,
40,1,40,0.0,58.0,58.0,0.46652602532814297,0.0,74.0,0.0,0.0,0.0,0.0,0.0,0.0,0.0,0.0,0.0,0.6,0.005798652457006398,1.0,0.6871464657325661,0.0,0.0,0.0,nan,nan,nan,nan,nan,0.0,nan,nan,nan,nan,760.4140210314654,5830.96826171875,,,,,,,,,,
41,1,41,0.0,128.0,128.0,0.5190502963960171,0.0,74.0,0.0,0.0,0.0,0.0,0.0,0.0,0.0,0.0,0.0,0.6,0.005798652457006398,1.0,0.6850707442194435,0.0,0.0,0.0,nan,nan,nan,nan,nan,0.0,nan,nan,nan,nan,1573.949761048425,8676.1103515625,,,,,,,,,,
42,1,42,0.0,128.0,128.0,0.536243234295398,0.0,74.0,0.0,0.0,0.0,0.0,0.0,0.0,0.0,0.0,0.0,0.6,0.005798652457006398,1.0,0.6827653435291121,0.0,0.0,0.0,nan,nan,nan,nan,nan,0.0,nan,nan,nan,nan,1571.6198529698886,8676.1103515625,,,,,,,,,,
43,1,43,0.0,128.0,128.0,0.5290250182151794,0.0,74.0,0.0,0.0,0.0,0.0,0.0,0.0,0.0,0.0,0.0,0.6,0.005798652457006398,1.0,0.6821511000508937,0.0,0.0,0.0,nan,nan,nan,nan,nan,0.0,nan,nan,nan,nan,1563.433161994908,8676.1103515625,,,,,,,,,,
44,1,44,0.0,128.0,128.0,0.5353524209931493,0.0,74.0,0.0,0.0,0.0,0.0,0.0,0.0,0.0,0.0,0.0,0.6,0.005798652457006398,1.0,0.6839958374585957,0.0,0.0,0.0,nan,nan,nan,nan,nan,0.0,nan,nan,nan,nan,1577.1630119998008,8676.1103515625,,,,,,,,,,
45,1,45,0.0,128.0,128.0,0.5103042745031416,0.0,74.0,0.0,0.0,0.0,0.0,0.0,0.0,0.0,0.0,0.0,0.6,0.005798652457006398,1.0,0.6821625687202743,0.0,0.0,0.0,nan,nan,nan,nan,nan,0.0,nan,nan,nan,nan,1577.5989340036176,8676.1103515625,,,,,,,,,,
46,1,46,0.0,128.0,128.0,0.5379862834233791,0.0,74.0,0.0,0.0,0.0,0.0,0.0,0.0,0.0,0.0,0.0,0.6,0.005798652457006398,1.0,0.6818194100794048,0.0,0.0,0.0,nan,nan,nan,nan,nan,0.0,nan,nan,nan,nan,1571.9599510193802,8676.1103515625,,,,,,,,,,
47,1,47,0.0,128.0,128.0,0.6575386771000922,0.0,74.0,0.0,0.0,0.0,0.0,0.0,0.0,0.0,0.0,0.0,0.6,0.005798652457006398,1.0,0.6815848961618999,0.0,0.0,0.0,nan,nan,nan,nan,nan,0.0,nan,nan,nan,nan,1576.117863995023,8676.1103515625,,,,,,,,,,
48,1,48,0.0,128.0,128.0,0.5159038980491459,0.0,74.0,0.0,0.0,0.0,0.0,0.0,0.0,0.0,0.0,0.0,0.6,0.005798652457006398,1.0,0.683393066823436,0.0,0.0,0.0,nan,nan,nan,nan,nan,0.0,nan,nan,nan,nan,1651.5060459496453,8676.1103515625,,,,,,,,,,
49,1,49,0.0,128.0,128.0,0.35930609353818,0.0,74.0,0.0,0.0,0.0,0.0,0.0,0.0,0.0,0.0,0.0,0.6,0.005798652457006398,1.0,0.6807000767928888,0.0,0.0,0.0,nan,nan,nan,nan,nan,0.0,nan,nan,nan,nan,1569.357135973405,8676.1103515625,,,,,,,,,,
50,1,50,0.0,128.0,128.0,0.42720376793295145,0.0,74.0,0.0,0.0,0.0,0.0,0.0,0.0,0.0,0.0,0.0,0.6,0.005798652457006398,1.0,0.6825249051445654,0.0,0.0,0.0,nan,nan,nan,nan,nan,0.0,nan,nan,nan,nan,1571.7719820095226,8676.1103515625,,,,,,,,,,
51,1,51,0.0,128.0,128.0,0.46960217668674886,0.0,74.0,0.0,0.0,0.0,0.0,0.0,0.0,0.0,0.0,0.0,0.6,0.005798652457006398,1.0,0.6809732691266989,0.0,0.0,0.0,nan,nan,nan,nan,nan,0.0,nan,nan,nan,nan,1570.850480988156,8676.1103515625,,,,,,,,,,
52,1,52,0.0,128.0,128.0,0.4759182380512357,0.0,74.0,0.0,0.0,0.0,0.0,0.0,0.0,0.0,0.0,0.0,0.6,0.005798652457006398,1.0,0.6792356546699038,0.0,0.0,0.0,nan,nan,nan,nan,nan,0.0,nan,nan,nan,nan,1571.4879249571823,8676.1103515625,,,,,,,,,,
53,1,53,0.0,128.0,128.0,0.450201035477221,0.0,74.0,0.0,0.0,0.0,0.0,0.0,0.0,0.0,0.0,0.0,0.6,0.005798652457006398,1.0,0.6834820491934742,0.0,0.0,0.0,nan,nan,nan,nan,nan,0.0,nan,nan,nan,nan,1572.8608689969406,8676.1103515625,,,,,,,,,,
54,1,54,0.0,128.0,128.0,0.45745966769754887,0.0,74.0,0.0,0.0,0.0,0.0,0.0,0.0,0.0,0.0,0.0,0.6,0.005798652457006398,1.0,0.6809374288330489,0.0,0.0,0.0,nan,nan,nan,nan,nan,0.0,nan,nan,nan,nan,1570.6850119750015,8676.1103515625,,,,,,,,,,
55,1,55,0.0,128.0,128.0,0.4144219970330596,0.0,74.0,0.0,0.0,0.0,0.0,0.0,0.0,0.0,0.0,0.0,0.6,0.005798652457006398,1.0,0.6806585576250243,0.0,0.0,0.0,nan,nan,nan,nan,nan,0.0,nan,nan,nan,nan,1577.209901995957,8676.1103515625,,,,,,,,,,
56,1,56,0.0,128.0,128.0,0.4710378125309944,0.0,74.0,0.0,0.0,0.0,0.0,0.0,0.0,0.0,0.0,0.0,0.6,0.005798652457006398,1.0,0.684289488571429,0.0,0.0,0.0,nan,nan,nan,nan,nan,0.0,nan,nan,nan,nan,1575.8965089917183,8676.1103515625,,,,,,,,,,
57,1,57,0.0,128.0,128.0,0.4018750381655991,0.0,74.0,0.0,0.0,0.0,0.0,0.0,0.0,0.0,0.0,0.0,0.6,0.005798652457006398,1.0,0.682678341609029,0.0,0.0,0.0,nan,nan,nan,nan,nan,0.0,nan,nan,nan,nan,1569.3526160321198,8676.1103515625,,,,,,,,,,
58,1,58,0.0,128.0,128.0,0.45598653331398964,0.0,74.0,0.0,0.0,0.0,0.0,0.0,0.0,0.0,0.0,0.0,0.6,0.005798652457006398,1.0,0.6814973829597252,0.0,0.0,0.0,nan,nan,nan,nan,nan,0.0,nan,nan,nan,nan,1569.356708030682,8676.1103515625,,,,,,,,,,
59,1,59,0.0,128.0,128.0,0.40692888759076595,0.0,74.0,0.0,0.0,0.0,0.0,0.0,0.0,0.0,0.0,0.0,0.6,0.005798652457006398,1.0,0.6829622358259343,0.0,0.0,0.0,nan,nan,nan,nan,nan,0.0,nan,nan,nan,nan,1575.1402649912052,8676.1103515625,,,,,,,,,,
60,1,60,0.0,58.0,58.0,0.5434416892199682,0.0,74.0,0.0,0.0,0.0,0.0,0.0,0.0,0.0,0.0,0.0,0.6,0.005798652457006398,1.0,0.6774374306123684,0.0,0.0,0.0,nan,nan,nan,nan,nan,0.0,nan,nan,nan,nan,761.0925550106913,5830.96826171875,,,,,,,,,,
61,1,61,0.0,128.0,128.0,0.3946888998616487,0.0,74.0,0.0,0.0,0.0,0.0,0.0,0.0,0.0,0.0,0.0,0.6,0.005798652457006398,1.0,0.680051875043289,0.0,0.0,0.0,nan,nan,nan,nan,nan,0.0,nan,nan,nan,nan,1575.6456419476308,8676.1103515625,,,,,,,,,,
62,1,62,0.0,128.0,128.0,0.34378143260255456,0.0,74.0,0.0,0.0,0.0,0.0,0.0,0.0,0.0,0.0,0.0,0.6,0.005798652457006398,1.0,0.6804575919844188,0.0,0.0,0.0,nan,nan,nan,nan,nan,0.0,nan,nan,nan,nan,1586.7263000109233,8676.1103515625,,,,,,,,,,
63,1,63,0.0,128.0,128.0,0.36745649529621005,0.0,74.0,0.0,0.0,0.0,0.0,0.0,0.0,0.0,0.0,0.0,0.6,0.005798652457006398,1.0,0.6828273352110331,0.0,0.0,0.0,nan,nan,nan,nan,nan,0.0,nan,nan,nan,nan,1582.3938509565778,8676.1103515625,,,,,,,,,,
64,1,64,0.0,128.0,128.0,0.3367181275971234,0.0,74.0,0.0,0.0,0.0,0.0,0.0,0.0,0.0,0.0,0.0,0.6,0.005798652457006398,1.0,0.680455129246137,0.0,0.0,0.0,nan,nan,nan,nan,nan,0.0,nan,nan,nan,nan,1573.7585950409994,8676.1103515625,,,,,,,,,,
65,1,65,0.0,128.0,128.0,0.3205624711699784,0.0,74.0,0.0,0.0,0.0,0.0,0.0,0.0,0.0,0.0,0.0,0.6,0.005798652457006398,1.0,0.6781384028084598,0.0,0.0,0.0,nan,nan,nan,nan,nan,0.0,nan,nan,nan,nan,1570.3667029738426,8676.1103515625,,,,,,,,,,
66,1,66,0.0,128.0,128.0,0.35386639297939837,0.0,74.0,0.0,0.0,0.0,0.0,0.0,0.0,0.0,0.0,0.0,0.6,0.005798652457006398,1.0,0.6820210480704542,0.0,0.0,0.0,nan,nan,nan,nan,nan,0.0,nan,nan,nan,nan,1653.9566739811562,8676.1103515625,,,,,,,,,,
67,1,67,0.0,128.0,128.0,0.389479199424386,0.0,74.0,0.0,0.0,0.0,0.0,0.0,0.0,0.0,0.0,0.0,0.6,0.005798652457006398,1.0,0.6799173301836683,0.0,0.0,0.0,nan,nan,nan,nan,nan,0.0,nan,nan,nan,nan,1578.0060090473853,8676.1103515625,,,,,,,,,,
68,1,68,0.0,128.0,128.0,0.3112348476424813,0.0,74.0,0.0,0.0,0.0,0.0,0.0,0.0,0.0,0.0,0.0,0.6,0.005798652457006398,1.0,0.6846407261038201,0.0,0.0,0.0,nan,nan,nan,nan,nan,0.0,nan,nan,nan,nan,1586.0071280039847,8676.1103515625,,,,,,,,,,
69,1,69,0.0,128.0,128.0,0.4602607488632202,0.0,74.0,0.0,0.0,0.0,0.0,0.0,0.0,0.0,0.0,0.0,0.6,0.005798652457006398,1.0,0.6800011583908032,0.0,0.0,0.0,nan,nan,nan,nan,nan,0.0,nan,nan,nan,nan,1571.5297880233265,8676.1103515625,,,,,,,,,,
70,1,70,0.0,128.0,128.0,0.35381329292431474,0.0,74.0,0.0,0.0,0.0,0.0,0.0,0.0,0.0,0.0,0.0,0.6,0.005798652457006398,1.0,0.6808385145035768,0.0,0.0,0.0,nan,nan,nan,nan,nan,0.0,nan,nan,nan,nan,1563.1706779822707,8676.1103515625,,,,,,,,,,
71,1,71,0.0,128.0,128.0,0.3658376974053681,0.0,74.0,0.0,0.0,0.0,0.0,0.0,0.0,0.0,0.0,0.0,0.6,0.005798652457006398,1.0,0.6813595422259384,0.0,0.0,0.0,nan,nan,nan,nan,nan,0.0,nan,nan,nan,nan,1571.4716359507293,8676.1103515625,,,,,,,,,,
72,1,72,0.0,128.0,128.0,0.33983813924714923,0.0,74.0,0.0,0.0,0.0,0.0,0.0,0.0,0.0,0.0,0.0,0.6,0.005798652457006398,1.0,0.6823859269717916,0.0,0.0,0.0,nan,nan,nan,nan,nan,0.0,nan,nan,nan,nan,1575.6426539737731,8676.1103515625,,,,,,,,,,
73,1,73,0.0,128.0,128.0,0.46016392344608903,0.0,74.0,0.0,0.0,0.0,0.0,0.0,0.0,0.0,0.0,0.0,0.6,0.005798652457006398,1.0,0.6822409266720242,0.0,0.0,0.0,nan,nan,nan,nan,nan,0.0,nan,nan,nan,nan,1575.1412030076608,8676.1103515625,,,,,,,,,,
74,1,74,0.0,128.0,128.0,0.35941781429573894,0.0,74.0,0.0,0.0,0.0,0.0,0.0,0.0,0.0,0.0,0.0,0.6,0.005798652457006398,1.0,0.6805099281815385,0.0,0.0,0.0,nan,nan,nan,nan,nan,0.0,nan,nan,nan,nan,1565.5903469887562,8676.1103515625,,,,,,,,,,
75,1,75,0.0,128.0,128.0,0.3631088291294873,0.0,74.0,0.0,0.0,0.0,0.0,0.0,0.0,0.0,0.0,0.0,0.6,0.005798652457006398,1.0,0.6842642551878764,0.0,0.0,0.0,nan,nan,nan,nan,nan,0.0,nan,nan,nan,nan,1561.661458981689,8676.1103515625,,,,,,,,,,
76,1,76,0.0,128.0,128.0,0.30402691569179296,0.0,74.0,0.0,0.0,0.0,0.0,0.0,0.0,0.0,0.0,0.0,0.6,0.005798652457006398,1.0,0.681332667573179,0.0,0.0,0.0,nan,nan,nan,nan,nan,0.0,nan,nan,nan,nan,1574.6818230254576,8676.1103515625,,,,,,,,,,
77,1,77,0.0,128.0,128.0,0.35484858765266836,0.0,74.0,0.0,0.0,0.0,0.0,0.0,0.0,0.0,0.0,0.0,0.6,0.005798652457006398,1.0,0.6828018647547898,0.0,0.0,0.0,nan,nan,nan,nan,nan,0.0,nan,nan,nan,nan,1577.504768036306,8676.1103515625,,,,,,,,,,
78,1,78,0.0,128.0,128.0,0.32426370412576944,0.0,74.0,0.0,0.0,0.0,0.0,0.0,0.0,0.0,0.0,0.0,0.6,0.005798652457006398,1.0,0.6832638733553145,0.0,0.0,0.0,nan,nan,nan,nan,nan,0.0,nan,nan,nan,nan,1575.148664007429,8676.1103515625,,,,,,,,,,
79,1,79,0.0,128.0,128.0,0.36026180326007307,0.0,74.0,0.0,0.0,0.0,0.0,0.0,0.0,0.0,0.0,0.0,0.6,0.005798652457006398,1.0,0.6848350986444799,0.0,0.0,0.0,nan,nan,nan,nan,nan,0.0,nan,nan,nan,nan,1572.9419959825464,8676.1103515625,,,,,,,,,,
80,1,80,0.0,58.0,58.0,0.28035239721166677,0.0,74.0,0.0,0.0,0.0,0.0,0.0,0.0,0.0,0.0,0.0,0.6,0.005798652457006398,1.0,0.6842813349136074,0.0,0.0,0.0,nan,nan,nan,nan,nan,0.0,nan,nan,nan,nan,772.939809015952,5830.96826171875,,,,,,,,,,
81,1,81,0.0,128.0,128.0,0.32419945555739105,0.0,74.0,0.0,0.0,0.0,0.0,0.0,0.0,0.0,0.0,0.0,0.6,0.005798652457006398,1.0,0.6846084567386684,0.0,0.0,0.0,nan,nan,nan,nan,nan,0.0,nan,nan,nan,nan,1577.6728609926067,8676.1103515625,,,,,,,,,,
82,1,82,0.0,128.0,128.0,0.3442952907644212,0.0,74.0,0.0,0.0,0.0,0.0,0.0,0.0,0.0,0.0,0.0,0.6,0.005798652457006398,1.0,0.6832872344186098,0.0,0.0,0.0,nan,nan,nan,nan,nan,0.0,nan,nan,nan,nan,1573.3412820263766,8676.1103515625,,,,,,,,,,
83,1,83,0.0,128.0,128.0,0.33756853523664176,0.0,74.0,0.0,0.0,0.0,0.0,0.0,0.0,0.0,0.0,0.0,0.6,0.005798652457006398,1.0,0.6801572038213731,0.0,0.0,0.0,nan,nan,nan,nan,nan,0.0,nan,nan,nan,nan,1573.08203401044,8676.1103515625,,,,,,,,,,
84,1,84,0.0,128.0,128.0,0.2964421056676656,0.0,74.0,0.0,0.0,0.0,0.0,0.0,0.0,0.0,0.0,0.0,0.6,0.005798652457006398,1.0,0.6825946679408721,0.0,0.0,0.0,nan,nan,nan,nan,nan,0.0,nan,nan,nan,nan,1663.4942809469067,8676.1103515625,,,,,,,,,,
85,1,85,0.0,128.0,128.0,0.35241317795589566,0.0,74.0,0.0,0.0,0.0,0.0,0.0,0.0,0.0,0.0,0.0,0.6,0.005798652457006398,1.0,0.6814292255684374,0.0,0.0,0.0,nan,nan,nan,nan,nan,0.0,nan,nan,nan,nan,1585.8458309667185,8676.1103515625,,,,,,,,,,
86,1,86,0.0,128.0,128.0,0.29558020550757647,0.0,74.0,0.0,0.0,0.0,0.0,0.0,0.0,0.0,0.0,0.0,0.6,0.005798652457006398,1.0,0.6843192010390673,0.0,0.0,0.0,nan,nan,nan,nan,nan,0.0,nan,nan,nan,nan,1574.3368259863928,8676.1103515625,,,,,,,,,,
87,1,87,0.0,128.0,128.0,0.2518875738605857,0.0,74.0,0.0,0.0,0.0,0.0,0.0,0.0,0.0,0.0,0.0,0.6,0.005798652457006398,1.0,0.6828001992049136,0.0,0.0,0.0,nan,nan,nan,nan,nan,0.0,nan,nan,nan,nan,1569.9654599884525,8676.1103515625,,,,,,,,,,
88,1,88,0.0,128.0,128.0,0.29116684733889997,0.0,74.0,0.0,0.0,0.0,0.0,0.0,0.0,0.0,0.0,0.0,0.6,0.005798652457006398,1.0,0.6776124046414568,0.0,0.0,0.0,nan,nan,nan,nan,nan,0.0,nan,nan,nan,nan,1575.1510520349257,8676.1103515625,,,,,,,,,,
89,1,89,0.0,128.0,128.0,0.31103796674869955,0.0,74.0,0.0,0.0,0.0,0.0,0.0,0.0,0.0,0.0,0.0,0.6,0.005798652457006398,1.0,0.6830253189438721,0.0,0.0,0.0,nan,nan,nan,nan,nan,0.0,nan,nan,nan,nan,1564.8954010102898,8676.1103515625,,,,,,,,,,
90,1,90,0.0,128.0,128.0,0.2899277498945594,0.0,74.0,0.0,0.0,0.0,0.0,0.0,0.0,0.0,0.0,0.0,0.6,0.005798652457006398,1.0,0.6816044808118679,0.0,0.0,0.0,nan,nan,nan,nan,nan,0.0,nan,nan,nan,nan,1571.0976329864934,8676.1103515625,,,,,,,,,,
91,1,91,0.0,128.0,128.0,0.26566301472485065,0.0,74.0,0.0,0.0,0.0,0.0,0.0,0.0,0.0,0.0,0.0,0.6,0.005798652457006398,1.0,0.6841209828067116,0.0,0.0,0.0,nan,nan,nan,nan,nan,0.0,nan,nan,nan,nan,1567.1238909708336,8676.1103515625,,,,,,,,,,
92,1,92,0.0,128.0,128.0,0.2177457355428487,0.0,74.0,0.0,0.0,0.0,0.0,0.0,0.0,0.0,0.0,0.0,0.6,0.005798652457006398,1.0,0.6795296434905863,0.0,0.0,0.0,nan,nan,nan,nan,nan,0.0,nan,nan,nan,nan,1561.8894340004772,8676.1103515625,,,,,,,,,,
93,1,93,0.0,128.0,128.0,0.29260618472471833,0.0,74.0,0.0,0.0,0.0,0.0,0.0,0.0,0.0,0.0,0.0,0.6,0.005798652457006398,1.0,0.6851264673249006,0.0,0.0,0.0,nan,nan,nan,nan,nan,0.0,nan,nan,nan,nan,1573.476388992276,8676.1103515625,,,,,,,,,,
94,1,94,0.0,128.0,128.0,0.3002522401511669,0.0,74.0,0.0,0.0,0.0,0.0,0.0,0.0,0.0,0.0,0.0,0.6,0.005798652457006398,1.0,0.6817782183151669,0.0,0.0,0.0,nan,nan,nan,nan,nan,0.0,nan,nan,nan,nan,1575.100036978256,8676.1103515625,,,,,,,,,,
95,1,95,0.0,128.0,128.0,0.26400051545351744,0.0,74.0,0.0,0.0,0.0,0.0,0.0,0.0,0.0,0.0,0.0,0.6,0.005798652457006398,1.0,0.6824728117185154,0.0,0.0,0.0,nan,nan,nan,nan,nan,0.0,nan,nan,nan,nan,1566.5255279745907,8676.1103515625,,,,,,,,,,
96,1,96,0.0,128.0,128.0,0.29698129114694893,0.0,74.0,0.0,0.0,0.0,0.0,0.0,0.0,0.0,0.0,0.0,0.6,0.005798652457006398,1.0,0.6849855302839218,0.0,0.0,0.0,nan,nan,nan,nan,nan,0.0,nan,nan,nan,nan,1560.0504859467037,8676.1103515625,,,,,,,,,,
97,1,97,0.0,128.0,128.0,0.36699846177361906,0.0,74.0,0.0,0.0,0.0,0.0,0.0,0.0,0.0,0.0,0.0,0.6,0.005798652457006398,1.0,0.6837818220459517,0.0,0.0,0.0,nan,nan,nan,nan,nan,0.0,nan,nan,nan,nan,1568.4407990192994,8676.1103515625,,,,,,,,,,
98,1,98,0.0,128.0,128.0,0.3270952943712473,0.0,74.0,0.0,0.0,0.0,0.0,0.0,0.0,0.0,0.0,0.0,0.6,0.005798652457006398,1.0,0.6833761759484904,0.0,0.0,0.0,nan,nan,nan,nan,nan,0.0,nan,nan,nan,nan,1579.6479230048135,8676.1103515625,,,,,,,,,,
99,1,99,0.0,128.0,128.0,0.2608188677113503,0.0,74.0,0.0,0.0,0.0,0.0,0.0,0.0,0.0,0.0,0.0,0.6,0.005798652457006398,1.0,0.6811528211735914,0.0,0.0,0.0,nan,nan,nan,nan,nan,0.0,nan,nan,nan,nan,1567.9062909912318,8676.1103515625,,,,,,,,,,
100,1,100,0.0,58.0,58.0,0.35195165615657287,0.0,74.0,0.0,0.0,0.0,0.0,0.0,0.0,0.0,0.0,0.0,0.6,0.005798652457006398,1.0,0.6853605084041956,0.0,0.0,0.0,nan,nan,nan,nan,nan,0.0,nan,nan,nan,nan,762.6534819719382,5830.96826171875,,,,,,,,,,
100,1,,1.0,128.0,128.0,,,,,,,,,,,,,,,1.0,0.6853605084041956,0.0,0.0,0.0,nan,nan,nan,nan,nan,0.0,nan,nan,nan,nan,762.6534819719382,5830.96826171875,0.8303249097472925,0.41801172494888306,0.8303249097472925,0.41799912850062054,0.9220883534136546,0.2609425611793995,0.09176344366636213,0.9216867469879518,0.2643147774040699,0.09136183724065938
