step,epoch,step_in_epoch,probe/is_eval,sys/effective_batch_size,sys/device_batch_size,train/loss,train/gate0_triggered_blocks,train/gate0_considered_blocks,train/gate0_trigger_rate,train/pull_to_r_blocks,train/pull_to_R_blocks,train/pull_to_r_rate,train/pull_to_R_rate,train/alpha_pull_mean,train/alpha_pull_to_r_mean,train/alpha_pull_to_R_mean,train/single_vote_skipped_blocks,train/tau_N,train/tau_D,diag/info_retention_ratio,diag/residual_visibility,diag/conflict_resolution_rate,train/expert_load_r,train/expert_load_R,train/load_cv,train/load_max_min_ratio,train/utilization_ratio,train/routing_entropy,train/routing_entropy_raw,train/active_experts,train/expert_purity,train/intra_expert_coherence,train/intra_expert_conflict,train/inter_expert_similarity,sys/time_per_step_ms,sys/peak_memory_mb,val/acc,val/loss,val/acc_r_only,val/loss_r_only,train/acc,train/loss_eval,gap/train_minus_val,train/acc_r_only,train/loss_r_only_eval,gap_r_only/train_minus_val_r_only
1,1,1,0.0,32.0,32.0,0.6941122710704803,64.0,74.0,0.8648648648648649,3.0,61.0,0.046875,0.953125,0.15013760364319184,0.14613917376452534,0.1503342477355853,0.0,0.6,0.0033914772,1.0000000002441836,0.6238699569224287,-2.412660923403247e-08,3.0,61.0,0.90625,20.333333333333332,1.0,0.27297082906017056,0.189208960538168,2.0,0.504516114467915,0.0007140601606637532,0.4996429699196681,0.012354034013482116,1038.1149839959107,4557.5849609375,,,,,,,,,,
2,1,2,0.0,32.0,32.0,0.7000198811292648,64.0,74.0,0.8648648648648649,5.0,59.0,0.078125,0.921875,0.14989260870284254,0.1448690703006189,0.15031833229625136,0.0,0.6,0.0033914772,1.0000000000024631,0.6333664462306716,-1.1913643855727036e-08,5.0,59.0,0.84375,11.8,1.0,0.3955377776025776,0.2741658953501733,2.0,0.5056630054582325,0.0035457018287414505,0.49822714908562926,0.00422030272597101,462.80568599468097,5119.22119140625,,,,,,,,,,
3,1,3,0.0,32.0,32.0,0.7013348937034607,64.0,74.0,0.8648648648648649,8.0,56.0,0.125,0.875,0.1494677377563177,0.14536623334205842,0.15005366695835476,0.0,0.6,0.0033914772,0.9999999996632867,0.6490318381424564,-1.439353082190635e-08,8.0,56.0,0.75,7.0,1.0,0.5435644143456962,0.3767701412564372,2.0,0.5051823455762146,0.0003340102799071378,0.49983299486004645,0.0052919405036038845,478.99450099794194,5112.47119140625,,,,,,,,,,
4,1,4,0.0,32.0,32.0,0.687484510242939,64.0,74.0,0.8648648648648649,3.0,61.0,0.046875,0.953125,0.14981476884952938,0.14603679966959152,0.1500005706124771,0.0,0.6,0.0033914772,0.9999999998443209,0.6493019650004553,9.281069556375547e-10,3.0,61.0,0.90625,20.333333333333332,1.0,0.27297082906017056,0.189208960538168,2.0,0.5055015447724195,-0.0007911249299573937,0.5003955624649787,0.004596689363243978,465.31979902647436,5121.47119140625,,,,,,,,,,
5,1,5,0.0,32.0,32.0,0.6913593783974648,64.0,74.0,0.8648648648648649,4.0,60.0,0.0625,0.9375,0.1499670742791109,0.14589783365566295,0.15023835698734078,0.0,0.6,0.0033914772,0.9999999991387837,0.6508033526506797,-8.237862623023778e-09,4.0,60.0,0.875,15.0,1.0,0.3372900377631142,0.2337916387064601,2.0,0.5041600995176928,0.00043148546873527933,0.49978425726563236,0.006892958073900271,475.0384020153433,5119.22119140625,,,,,,,,,,
6,1,6,0.0,32.0,32.0,0.6931370943784714,64.0,74.0,0.8648648648648649,6.0,58.0,0.09375,0.90625,0.15017595333916314,0.1453872419760975,0.1506713372732734,0.0,0.6,0.0033914772,1.0000000010135062,0.6439104014939582,-7.4454504179083224e-09,6.0,58.0,0.8125,9.666666666666666,1.0,0.4488644598691294,0.31112913481184973,2.0,0.505571841578868,3.248993448323745e-05,0.4999837550327584,0.015606799611250806,464.651947026141,5114.72119140625,,,,,,,,,,
7,1,7,0.0,32.0,32.0,0.7061130329966545,64.0,74.0,0.8648648648648649,2.0,62.0,0.03125,0.96875,0.15060164466331902,0.14576355020554618,0.150757712226473,0.0,0.6,0.0033914772,0.9999999996896568,0.630717562087549,-6.3530676715888175e-09,2.0,62.0,0.9375,31.0,1.0,0.20062229545881616,0.13906077845474274,2.0,0.5059669056520045,0.0007244652656806286,0.4996377673671597,-0.001581166974722952,466.76358801778406,5116.97998046875,,,,,,,,,,
8,1,8,0.0,32.0,32.0,0.707229495048523,63.0,74.0,0.8513513513513513,2.0,61.0,0.031746031746031744,0.9682539682539683,0.15059617753603508,0.14541596730921907,0.15076602049429133,0.0,0.6,0.0033914772,0.999999999551344,0.6438174941253387,3.578445516141057e-08,2.0,61.0,0.9365079365079365,30.5,1.0,0.2030739011327471,0.14076010201547273,2.0,0.5056306447949602,0.00015778731167143253,0.49992110634416426,0.0025725733539314326,464.6130459732376,5098.97998046875,,,,,,,,,,
9,1,9,0.0,32.0,32.0,0.6903574988245964,62.0,74.0,0.8378378378378378,5.0,57.0,0.08064516129032258,0.9193548387096774,0.15083367894650668,0.14567753423359409,0.15128597234237617,0.0,0.6,0.0033914772,1.0000000002487908,0.6161616462061996,-1.2115494592717424e-08,5.0,57.0,0.8387096774193549,11.4,1.0,0.40444835763253845,0.28034223877509445,2.0,0.5085872819030142,0.0004734760337772547,0.4997632619831114,0.014782454472537529,472.9858349892311,5096.90869140625,,,,,,,,,,
10,1,10,0.0,32.0,32.0,0.6952499747276306,65.0,74.0,0.8783783783783784,4.0,61.0,0.06153846153846154,0.9384615384615385,0.14971685831785972,0.14636953675247127,0.14993635481395082,0.0,0.6,0.0033914772,0.9999999985342625,0.6356885649074361,-2.3717266667643722e-08,4.0,61.0,0.8769230769230769,15.25,1.0,0.33352197507707704,0.23117981667946028,2.0,0.5039363641604115,0.0005614895270999042,0.49971925523645006,0.007473667623765312,468.19138003047556,5137.22119140625,,,,,,,,,,
11,1,11,0.0,32.0,32.0,0.7003334760665894,61.0,74.0,0.8243243243243243,8.0,53.0,0.13114754098360656,0.8688524590163934,0.14990647737766158,0.14516471850654106,0.15062221456575517,0.0,0.6,0.0033914772,1.0000000001450342,0.6509937758246106,-1.054255537638773e-08,8.0,53.0,0.7377049180327869,6.625,1.0,0.5605769137606327,0.38856230726017815,2.0,0.5068217073850622,0.00018477814495771372,0.4999076109275211,0.011726912542058111,465.65093100070953,5072.15869140625,,,,,,,,,,
12,1,12,0.0,32.0,32.0,0.6951884254813194,64.0,74.0,0.8648648648648649,4.0,60.0,0.0625,0.9375,0.14982005005944235,0.14646781677669407,0.15004353227829223,0.0,0.6,0.0033914772,1.0000000013067134,0.6539558016477269,7.175479088767937e-11,4.0,60.0,0.875,15.0,1.0,0.3372900377631142,0.2337916387064601,2.0,0.505127863218569,-6.905455283975575e-05,0.5000345272764198,0.008583762217807033,463.69691396830603,5119.22119140625,,,,,,,,,,
13,1,13,0.0,32.0,32.0,0.7078512012958527,63.0,74.0,0.8513513513513513,7.0,56.0,0.1111111111111111,0.8888888888888888,0.14979731302858743,0.144059612732555,0.15051452556559144,0.0,0.6,0.0033914772,0.9999999996765058,0.6348752975468018,7.845492798189022e-09,7.0,56.0,0.7777777777777778,8.0,1.0,0.5032583059217456,0.3488320758430324,2.0,0.5069918472430036,0.0013618053874445597,0.4993190973062777,0.0071095444797413644,460.4595390264876,5096.72119140625,,,,,,,,,,
14,1,14,0.0,32.0,32.0,0.6892428547143936,64.0,74.0,0.8648648648648649,5.0,59.0,0.078125,0.921875,0.14986148290537088,0.1452873046779915,0.15024912512803015,0.0,0.6,0.0033914772,0.9999999993686672,0.6279987869898711,1.5154965509818306e-08,5.0,59.0,0.84375,11.8,1.0,0.3955377776025776,0.2741658953501733,2.0,0.5049767256778352,-8.078635600751873e-05,0.5000403931780038,0.0006458682258078329,467.0465480303392,5110.228515625,,,,,,,,,,
15,1,15,0.0,32.0,32.0,0.6990463435649872,63.0,74.0,0.8513513513513513,5.0,58.0,0.07936507936507936,0.9206349206349206,0.14942115573159623,0.14551066077532013,0.14975826736575792,0.0,0.6,0.0033914772,1.0000000007606062,0.6469735485716436,-1.2109884980233815e-09,5.0,58.0,0.8412698412698413,11.6,1.0,0.39993801858512784,0.27721590998101237,2.0,0.504792513048827,-0.0007578564182742142,0.5003789282091371,0.005848625178376839,467.2917539719492,5098.97119140625,,,,,,,,,,
16,1,16,0.0,32.0,32.0,0.6835396215319633,61.0,74.0,0.8243243243243243,7.0,54.0,0.11475409836065574,0.8852459016393442,0.14982096148322907,0.1436065321729148,0.15062653565308468,0.0,0.6,0.0033914772,1.0000000001515539,0.6374129612981286,-1.133459936065312e-08,7.0,54.0,0.7704918032786885,7.714285714285714,1.0,0.5140912501642233,0.3563409006018689,2.0,0.5068839675986972,-0.0007196349083498252,0.5003598174541749,0.00901562410489809,467.9741770378314,5074.40869140625,,,,,,,,,,
17,1,17,0.0,32.0,32.0,0.7178989127278328,58.0,74.0,0.7837837837837838,7.0,51.0,0.1206896551724138,0.8793103448275862,0.1508263521384839,0.1443720848325789,0.1517122319647846,0.0,0.6,0.0033914772,1.0000000001433689,0.6320511511673698,-1.4186737019045384e-09,7.0,51.0,0.7586206896551724,7.285714285714286,1.0,0.5313399853262668,0.3682968127476645,2.0,0.5101285291821347,-7.2850681525389e-05,0.5000364253407626,0.010055034074547579,462.32043899362907,5031.65869140625,,,,,,,,,,
18,1,18,0.0,32.0,32.0,0.6994674056768417,63.0,74.0,0.8513513513513513,7.0,56.0,0.1111111111111111,0.8888888888888888,0.14977843629718413,0.14586546119174176,0.15026755818536444,0.0,0.6,0.0033914772,0.9999999995105417,0.6342118549673352,-1.9318306180918935e-08,7.0,56.0,0.7777777777777778,8.0,1.0,0.5032583059217456,0.3488320758430324,2.0,0.5057963892155645,0.0008841563679330698,0.4995579218160335,0.008195929266911503,464.98399699339643,5096.72119140625,,,,,,,,,,
19,1,19,0.0,32.0,32.0,0.7026012390851974,61.0,74.0,0.8243243243243243,8.0,53.0,0.13114754098360656,0.8688524590163934,0.150190079972838,0.14433861336368492,0.15107332021572895,0.0,0.6,0.0033914772,1.000000000478702,0.6259988340769223,1.3962619027776919e-08,8.0,53.0,0.7377049180327869,6.625,1.0,0.5605769137606327,0.38856230726017815,2.0,0.5082540020938402,0.0007656516786896232,0.4996171741606552,0.009904930818264504,466.15874400595203,5062.9775390625,,,,,,,,,,
20,1,20,0.0,32.0,32.0,0.6961474120616913,64.0,74.0,0.8648648648648649,3.0,61.0,0.046875,0.953125,0.1499056494639732,0.14603817576755446,0.15009585308838724,0.0,0.6,0.0033914772,0.999999999025005,0.6235370644975141,9.559303661097218e-09,3.0,61.0,0.90625,20.333333333333332,1.0,0.27297082906017056,0.189208960538168,2.0,0.5044508909208817,-0.0007247083022496617,0.5003623541511248,0.0016579579619315319,469.4589620339684,5114.72998046875,,,,,,,,,,
21,1,21,0.0,32.0,32.0,0.7028823569417,62.0,74.0,0.8378378378378378,2.0,60.0,0.03225806451612903,0.967741935483871,0.15009610558880476,0.14383351495703106,0.1503048586098639,0.0,0.6,0.0033914772,0.9999999991522224,0.6444853454395912,-6.964712871999676e-09,2.0,60.0,0.9354838709677419,30.0,1.0,0.20559247933118446,0.14250584739273933,2.0,0.5049754699074032,0.0006396742870138491,0.4996801628564931,0.011692054061970368,467.16659498633817,5094.47998046875,,,,,,,,,,
22,1,22,0.0,32.0,32.0,0.7090313285589218,62.0,74.0,0.8378378378378378,5.0,57.0,0.08064516129032258,0.9193548387096774,0.15001743886730162,0.1436217497964911,0.15057846422439028,0.0,0.6,0.0033914772,0.9999999998162203,0.6129593449232651,8.278019739629114e-10,5.0,57.0,0.8387096774193549,11.4,1.0,0.40444835763253845,0.28034223877509445,2.0,0.5070054783197387,0.000291935788018175,0.4998540321059909,0.015234023128750527,465.9093380323611,5074.228515625,,,,,,,,,,
23,1,23,0.0,32.0,32.0,0.6969651058316231,64.0,74.0,0.8648648648648649,5.0,59.0,0.078125,0.921875,0.1497937270555297,0.1459355476775803,0.1501206914095932,0.0,0.6,0.0033914772,1.0000000004166327,0.6159807161031478,4.023637779232051e-08,5.0,59.0,0.84375,11.8,1.0,0.3955377776025776,0.2741658953501733,2.0,0.5056190342536053,0.0006059718952967407,0.4996970140523516,0.007772066648151318,462.0902040041983,5116.97119140625,,,,,,,,,,
24,1,24,0.0,32.0,32.0,0.6976353973150253,62.0,74.0,0.8378378378378378,5.0,57.0,0.08064516129032258,0.9193548387096774,0.15008782045967206,0.1466978094474048,0.1503851898467131,0.0,0.6,0.0033914772,1.00000000013369,0.616749069228618,-8.589564180915674e-09,5.0,57.0,0.8387096774193549,11.4,1.0,0.40444835763253845,0.28034223877509445,2.0,0.505614915208472,-0.0002731223516667226,0.5001365611758334,0.001989456597078122,460.1663059438579,5094.47119140625,,,,,,,,,,
25,1,25,0.0,32.0,32.0,0.7001876085996628,64.0,74.0,0.8648648648648649,5.0,59.0,0.078125,0.921875,0.1500030583060779,0.14530831730400812,0.15040091771303293,0.0,0.6,0.0033914772,1.0000000005666452,0.6402452296104758,-2.956200291285116e-08,5.0,59.0,0.84375,11.8,1.0,0.3955377776025776,0.2741658953501733,2.0,0.5058308242935541,9.319150004390691e-05,0.49995340424997803,0.0036779450376770487,465.63107398105785,5110.228515625,,,,,,,,,,
26,1,26,0.0,32.0,32.0,0.703287661075592,66.0,74.0,0.8918918918918919,10.0,56.0,0.15151515151515152,0.8484848484848485,0.14918073239511892,0.14534550601743937,0.14986559424827597,0.0,0.6,0.0033914772,0.9999999956556572,0.6205579099130606,-4.0069131847320344e-10,10.0,56.0,0.696969696969697,5.6,1.0,0.6136189907454705,0.42532827337326207,2.0,0.506076184913062,0.00023422922841531373,0.49988288538579234,0.005765922019119086,471.59779199864715,5130.65869140625,,,,,,,,,,
27,1,27,0.0,32.0,32.0,0.699127659201622,64.0,74.0,0.8648648648648649,2.0,62.0,0.03125,0.96875,0.15042943502301162,0.1431980478154011,0.15066270557809583,0.0,0.6,0.0033914772,1.0000000021796156,0.643726329752643,-3.2567343765025504e-08,2.0,62.0,0.9375,31.0,1.0,0.20062229545881616,0.13906077845474274,2.0,0.5059692436877958,-6.815011660655451e-05,0.5000340750583033,0.01088844743884785,468.1115970015526,5116.97998046875,,,,,,,,,,
28,1,28,0.0,32.0,32.0,0.6964975520968437,64.0,74.0,0.8648648648648649,9.0,55.0,0.140625,0.859375,0.14999785191765824,0.14532448287672356,0.15076258503344755,0.0,0.6,0.0033914772,1.0000000001629727,0.6295970157200531,-4.8090244534952514e-09,9.0,55.0,0.71875,6.111111111111111,1.0,0.5858732640080202,0.4060964011126117,2.0,0.5066905556271832,0.00010296836274831681,0.4999485158186258,0.00644111975514078,467.9685159935616,5107.97119140625,,,,,,,,,,
29,1,29,0.0,32.0,32.0,0.6998995691537857,64.0,74.0,0.8648648648648649,4.0,60.0,0.0625,0.9375,0.1502329539128233,0.14626471966427504,0.15049750286272653,0.0,0.6,0.0033914772,0.9999999989801341,0.6243906631401238,8.175687515337546e-09,4.0,60.0,0.875,15.0,1.0,0.3372900377631142,0.2337916387064601,2.0,0.5056437076563194,-0.0006486388244702164,0.5003243194122351,0.007710191838838608,465.1917989831418,5112.4794921875,,,,,,,,,,
30,1,30,0.0,32.0,32.0,0.6901359632611275,66.0,74.0,0.8918918918918919,6.0,60.0,0.09090909090909091,0.9090909090909091,0.1499340854210514,0.14407475870852152,0.15052001809230442,0.0,0.6,0.0033914772,0.9999999991259013,0.6414423024627691,-5.5609738332695476e-09,6.0,60.0,0.8181818181818182,10.0,1.0,0.43949695806761335,0.3046360773492387,2.0,0.5059833153470057,0.0007863125039275661,0.4996068437480362,0.0008849158946321769,473.23286603204906,5137.40869140625,,,,,,,,,,
31,1,31,0.0,32.0,32.0,0.7100339233875275,64.0,74.0,0.8648648648648649,8.0,56.0,0.125,0.875,0.15100871692435355,0.1452633625726886,0.1518294818317343,0.0,0.6,0.0033914772,0.9999999998549951,0.624091097913289,1.2404410068181007e-08,8.0,56.0,0.75,7.0,1.0,0.5435644143456962,0.3767701412564372,2.0,0.5091695149003319,0.0012282531532011587,0.4993858734233994,0.006307943843612091,471.8405660241842,5114.72119140625,,,,,,,,,,
32,1,32,0.0,32.0,32.0,0.6851516291499138,64.0,74.0,0.8648648648648649,3.0,61.0,0.046875,0.953125,0.15011908988252096,0.1459946606846838,0.1503219306627425,0.0,0.6,0.0033914772,1.0000000001956175,0.6307796670363851,6.417316529945576e-09,3.0,61.0,0.90625,20.333333333333332,1.0,0.27297082906017056,0.189208960538168,2.0,0.5054076041981731,0.01038256528952078,0.4948087173552396,0.006958227623013637,468.9005449763499,5123.72119140625,,,,,,,,,,
33,1,33,0.0,32.0,32.0,0.6914232894778252,64.0,74.0,0.8648648648648649,6.0,58.0,0.09375,0.90625,0.15014963414418867,0.14602217426806394,0.15057661275206366,0.0,0.6,0.0033914772,1.000000000519907,0.6527202595125356,-4.303415664993024e-09,6.0,58.0,0.8125,9.666666666666666,1.0,0.4488644598691294,0.31112913481184973,2.0,0.5058588678785618,-4.46353215011186e-06,0.5000022317660751,0.006384703729637461,477.7262840070762,5114.72119140625,,,,,,,,,,
34,1,34,0.0,32.0,32.0,0.6874712258577347,64.0,74.0,0.8648648648648649,5.0,59.0,0.078125,0.921875,0.14990954763283432,0.1460433289627062,0.15023719328284524,0.0,0.6,0.0033914772,1.0000000004897494,0.6353060205216562,-7.560140645618456e-09,5.0,59.0,0.84375,11.8,1.0,0.3955377776025776,0.2741658953501733,2.0,0.5059299439646189,0.0005202237213769599,0.4997398881393115,0.0038114549910946483,467.27301803184673,5119.22119140625,,,,,,,,,,
35,1,35,0.0,32.0,32.0,0.6975288912653923,65.0,74.0,0.8783783783783784,15.0,50.0,0.23076923076923078,0.7692307692307693,0.14925220256624536,0.14588710029150492,0.15026173324866746,0.0,0.6,0.0033914772,1.0000000011042964,0.6356984451252042,9.890031468662522e-09,15.0,50.0,0.5384615384615384,3.3333333333333335,1.0,0.7793498084381847,0.5402041223888612,2.0,0.506650798788877,-0.00016607572653144873,0.5000830378632657,0.005179170351685797,471.13635001005605,5116.97119140625,,,,,,,,,,
36,1,36,0.0,32.0,32.0,0.7025645300745964,65.0,74.0,0.8783783783783784,5.0,60.0,0.07692307692307693,0.9230769230769231,0.1501979619904485,0.145695246470549,0.15057318828377347,0.0,0.6,0.0033914772,0.9999999989124674,0.6474975140788272,1.531242825521701e-08,5.0,60.0,0.8461538461538461,12.0,1.0,0.3912435347753558,0.27118935304184477,2.0,0.5061730160100865,0.0002985435303062988,0.49985072823484683,0.0021891248145087085,474.9230980523862,5134.97119140625,,,,,,,,,,
37,1,37,0.0,32.0,32.0,0.691356971859932,63.0,74.0,0.8513513513513513,5.0,58.0,0.07936507936507936,0.9206349206349206,0.15036475027729507,0.14636885608794875,0.15070922391430772,0.0,0.6,0.0033914772,0.9999999994461586,0.6347517454872075,2.47642226828869e-08,5.0,58.0,0.8412698412698413,11.6,1.0,0.39993801858512784,0.27721590998101237,2.0,0.5067244685172515,0.00036202862054324214,0.4998189856897284,0.005720121372033857,470.0126120005734,5092.228515625,,,,,,,,,,
38,1,38,0.0,32.0,32.0,0.6936015039682388,66.0,74.0,0.8918918918918919,5.0,61.0,0.07575757575757576,0.9242424242424242,0.14978294278581342,0.14490254980494494,0.15018297499736002,0.0,0.6,0.0033914772,1.000000001001311,0.6482614460352711,-2.351408228448856e-08,5.0,61.0,0.8484848484848485,12.2,1.0,0.38705139253829796,0.26828358146972187,2.0,0.5053436072652774,-8.842277101492901e-05,0.5000442113855075,0.0008956530739730207,470.82407702691853,5139.65869140625,,,,,,,,,,
39,1,39,0.0,32.0,32.0,0.6956930533051491,66.0,74.0,0.8918918918918919,13.0,53.0,0.19696969696969696,0.803030303030303,0.14893530686879036,0.14523820078564437,0.14984214420993927,0.0,0.6,0.0033914772,0.9999999993154894,0.6369037055974086,-2.632244270122776e-08,13.0,53.0,0.6060606060606061,4.076923076923077,1.0,0.7158259022063144,0.4961727058860859,2.0,0.5066344561081898,6.882728786907524e-05,0.4999655863560655,0.0023271785872721823,471.55942901736125,5121.65869140625,,,,,,,,,,
40,1,40,0.0,32.0,32.0,0.7048095166683197,63.0,74.0,0.8513513513513513,13.0,50.0,0.20634920634920634,0.7936507936507936,0.15110512855119598,0.14418688106812091,0.15290387289679552,0.0,0.6,0.0033914772,1.0000000002146525,0.6041084064906117,-2.0938458074504756e-08,13.0,50.0,0.5873015873015873,3.8461538461538463,1.0,0.7344461513988665,0.509079279115227,2.0,0.5133417578740533,0.000453687584204857,0.4997731562078976,0.0018315614607392551,467.86051901290193,5099.15869140625,,,,,,,,,,
41,1,41,0.0,32.0,32.0,0.6912266910076141,64.0,74.0,0.8648648648648649,3.0,61.0,0.046875,0.953125,0.15027182995614208,0.1463300500242742,0.15046568798557827,0.0,0.6,0.0033914772,0.999999999978735,0.6550810073992078,-7.934615244192473e-10,3.0,61.0,0.90625,20.333333333333332,1.0,0.27297082906017056,0.189208960538168,2.0,0.5062291785282326,-0.0004239512710693478,0.5002119756355347,0.002436627602619889,524.0720130386762,5134.45556640625,,,,,,,,,,
42,1,42,0.0,32.0,32.0,0.705664798617363,61.0,74.0,0.8243243243243243,8.0,53.0,0.13114754098360656,0.8688524590163934,0.1512890880853702,0.14336133883986849,0.1524857294809176,0.0,0.6,0.0033914772,1.0000000000110207,0.6130407679578388,-4.716528386334125e-08,8.0,53.0,0.7377049180327869,6.625,1.0,0.5605769137606327,0.38856230726017815,2.0,0.5120233636508381,0.0003683275912310937,0.49981583620438447,0.020509449846078404,469.77191197220236,5071.97119140625,,,,,,,,,,
43,1,43,0.0,32.0,32.0,0.6946603059768677,65.0,74.0,0.8783783783783784,4.0,61.0,0.06153846153846154,0.9384615384615385,0.14971063242499297,0.1455521936448728,0.14998331693516476,0.0,0.6,0.0033914772,0.9999999995896781,0.6672150406136252,-2.4134047828032335e-08,4.0,61.0,0.8769230769230769,15.25,1.0,0.33352197507707704,0.23117981667946028,2.0,0.5046298465091288,0.00021148862724244697,0.4998942556863788,0.003115339810642747,477.3218769696541,5125.97119140625,,,,,,,,,,
44,1,44,0.0,32.0,32.0,0.692912332713604,61.0,74.0,0.8243243243243243,6.0,55.0,0.09836065573770492,0.9016393442622951,0.15005814738179288,0.14437283085516625,0.15067836373015212,0.0,0.6,0.0033914772,0.9999999996250363,0.6352200740018281,9.507019366195024e-09,6.0,55.0,0.8032786885245902,9.166666666666666,1.0,0.4637773210338515,0.3214659424822588,2.0,0.5078695900686973,0.0013847131201117592,0.4993076434399441,0.010720493145008623,471.4830909506418,5076.65869140625,,,,,,,,,,
45,1,45,0.0,32.0,32.0,0.6895539909601212,65.0,74.0,0.8783783783783784,5.0,60.0,0.07692307692307693,0.9230769230769231,0.14973802666350983,0.14574382289612833,0.15007087697745822,0.0,0.6,0.0033914772,1.0000000007154333,0.6375632775637387,-6.385781165852149e-09,5.0,60.0,0.8461538461538461,12.0,1.0,0.3912435347753558,0.27118935304184477,2.0,0.504961411548005,-0.0002862292183233896,0.5001431146091617,0.0015384459669235812,474.3128510308452,5121.65869140625,,,,,,,,,,
46,1,46,0.0,32.0,32.0,0.6929702758789062,65.0,74.0,0.8783783783783784,3.0,62.0,0.046153846153846156,0.9538461538461539,0.14989911507853035,0.1443038372917473,0.1501698543262779,0.0,0.6,0.0033914772,0.9999999997702662,0.6179849611303326,4.4169895038940356e-10,3.0,62.0,0.9076923076923077,20.666666666666668,1.0,0.2698284188491747,0.18703080776025344,2.0,0.5054979524597988,0.0009406590504707884,0.4995296704747646,-0.00027449058417739207,466.19939198717475,5125.97119140625,,,,,,,,,,
47,1,47,0.0,32.0,32.0,0.6851370185613632,64.0,74.0,0.8648648648648649,5.0,59.0,0.078125,0.921875,0.15008551824850394,0.1455139534581956,0.15047293899344533,0.0,0.6,0.0033914772,1.0000000000912552,0.6309415479065654,1.5880676260045078e-08,5.0,59.0,0.84375,11.8,1.0,0.3955377776025776,0.2741658953501733,2.0,0.505664697198982,0.0003662817633047947,0.4998168591183476,0.005089253187995492,468.07188796810806,5110.228515625,,,,,,,,,,
48,1,48,0.0,32.0,32.0,0.6916190609335899,60.0,74.0,0.8108108108108109,12.0,48.0,0.2,0.8,0.15062273365072804,0.1447765157419642,0.152084288127919,0.0,0.6,0.0033914772,1.0000000001037521,0.6403282152840722,-4.702605736257615e-08,12.0,48.0,0.6,4.0,1.0,0.721928066033462,0.5004024035381882,2.0,0.5114993660010365,0.00015930038806207702,0.49992034980596894,0.01391739268821864,468.1508209905587,5047.22119140625,,,,,,,,,,
49,1,49,0.0,32.0,32.0,0.6930860877037048,65.0,74.0,0.8783783783783784,11.0,54.0,0.16923076923076924,0.8307692307692308,0.14931721204524473,0.14543059690444357,0.15010892994429673,0.0,0.6,0.0033914772,1.000000001478454,0.6480447932065021,-1.9502044441419364e-08,11.0,54.0,0.6615384615384615,4.909090909090909,1.0,0.6559420469155146,0.4546643804302083,2.0,0.506552222858336,2.61575185652562e-05,0.49998692124071736,0.0017443577529653075,471.6007380047813,5112.65869140625,,,,,,,,,,
50,1,50,0.0,32.0,32.0,0.7035592496395111,64.0,74.0,0.8648648648648649,3.0,61.0,0.046875,0.953125,0.14980606052720102,0.14590107300003724,0.14999810909411074,0.0,0.6,0.0033914772,1.0000000002297755,0.6207672583943281,-1.1553922172301279e-09,3.0,61.0,0.90625,20.333333333333332,1.0,0.27297082906017056,0.189208960538168,2.0,0.5054406154172648,-0.0005954557165947252,0.5002977278582974,0.0021673328058591985,469.7309469920583,5108.15869140625,,,,,,,,,,
51,1,51,0.0,32.0,32.0,0.6954784467816353,63.0,74.0,0.8513513513513513,7.0,56.0,0.1111111111111111,0.8888888888888888,0.14984261441288654,0.1445224378668885,0.15050763648113627,0.0,0.6,0.0033914772,1.0000000004532845,0.6349824829940152,-8.85176597054566e-09,7.0,56.0,0.7777777777777778,8.0,1.0,0.5032583059217456,0.3488320758430324,2.0,0.5064374644312734,0.003250939839684482,0.49837453008015775,0.009385657234387645,472.42535499390215,5098.97119140625,,,,,,,,,,
52,1,52,0.0,32.0,32.0,0.6894829794764519,64.0,74.0,0.8648648648648649,7.0,57.0,0.109375,0.890625,0.14981277614526908,0.14583852234757647,0.15030084240112607,0.0,0.6,0.0033914772,0.9999999993525722,0.6457411652218334,1.4527072845160468e-08,7.0,57.0,0.78125,8.142857142857142,1.0,0.49802785768057634,0.3452066053916012,2.0,0.5055480504561486,-0.00015577113652990752,0.5000778855682649,0.0015890331652299217,591.5500980336219,5129.5947265625,,,,,,,,,,
53,1,53,0.0,32.0,32.0,0.6884727776050568,65.0,74.0,0.8783783783783784,7.0,58.0,0.1076923076923077,0.8923076923076924,0.14966932665318797,0.1455258473243353,0.1501694017446012,0.0,0.6,0.0033914772,1.000000000965311,0.6626157582080996,-1.2984474080629152e-08,7.0,58.0,0.7846153846153846,8.285714285714286,1.0,0.4929157507622095,0.34166316289441423,2.0,0.505568675735658,0.0016647615721012698,0.49916761921394937,-0.0015034857224486098,475.2411199733615,5117.15869140625,,,,,,,,,,
54,1,54,0.0,32.0,32.0,0.6871593073010445,59.0,74.0,0.7972972972972973,5.0,54.0,0.0847457627118644,0.9152542372881356,0.1514545889702492,0.14543504316093708,0.1520119543229633,0.0,0.6,0.0033914772,1.0000000006003862,0.625585415429369,8.187377789517915e-08,5.0,54.0,0.8305084745762712,10.8,1.0,0.41868428167295635,0.2902098293863757,2.0,0.5106324424555672,0.00018401678644037304,0.4999079916067798,0.007518316496804097,561.3321969867684,5056.40869140625,,,,,,,,,,
55,1,55,0.0,32.0,32.0,0.6851499378681183,64.0,74.0,0.8648648648648649,7.0,57.0,0.109375,0.890625,0.14983523578144298,0.1457060348409332,0.15034233063378624,0.0,0.6,0.0033914772,0.9999999994280473,0.6385990050839143,-2.3324160358221313e-08,7.0,57.0,0.78125,8.142857142857142,1.0,0.49802785768057634,0.3452066053916012,2.0,0.5050177777937781,0.0009016643307534572,0.4995491678346233,0.005742511907958214,478.4483580151573,5101.40869140625,,,,,,,,,,
56,1,56,0.0,32.0,32.0,0.6941111609339714,61.0,74.0,0.8243243243243243,8.0,53.0,0.13114754098360656,0.8688524590163934,0.1504368424474569,0.14436221399505872,0.15135376749687546,0.0,0.6,0.0033914772,1.0000000004793559,0.6257177353784907,-1.1422288700090532e-08,8.0,53.0,0.7377049180327869,6.625,1.0,0.5605769137606327,0.38856230726017815,2.0,0.5097638510982307,0.00036039055095732857,0.4998198047245213,-0.0021747226413948795,469.94834899669513,5063.0400390625,,,,,,,,,,
57,1,57,0.0,32.0,32.0,0.7042330801486969,57.0,74.0,0.7702702702702703,7.0,50.0,0.12280701754385964,0.8771929824561403,0.15069396935591334,0.14441450479172424,0.15157309439489983,0.0,0.6,0.0033914772,0.9999999998557281,0.6109626675304105,2.79941494356752e-09,7.0,50.0,0.7543859649122807,7.142857142857143,1.0,0.5373760564838335,0.37248069845219106,2.0,0.5106160316277101,-6.298866355791688e-05,0.500031494331779,0.005960410213975332,472.6762989885174,5013.47119140625,,,,,,,,,,
58,1,58,0.0,32.0,32.0,0.6718391850590706,62.0,74.0,0.8378378378378378,5.0,57.0,0.08064516129032258,0.9193548387096774,0.15030450830691425,0.14639633695333162,0.15064733035547412,0.0,0.6,0.0033914772,1.0000000009609549,0.6550074918293747,-1.6003408351321396e-08,5.0,57.0,0.8387096774193549,11.4,1.0,0.40444835763253845,0.28034223877509445,2.0,0.5059846002078572,0.0002274535727398974,0.49988627321363005,0.004196619889949353,476.8074799794704,5074.228515625,,,,,,,,,,
59,1,59,0.0,32.0,32.0,0.7065972164273262,62.0,74.0,0.8378378378378378,5.0,57.0,0.08064516129032258,0.9193548387096774,0.15003572830145953,0.14563900317752407,0.15042140594391,0.0,0.6,0.0033914772,0.9999999992975137,0.6462247216184991,-1.580345852562142e-08,5.0,57.0,0.8387096774193549,11.4,1.0,0.40444835763253845,0.28034223877509445,2.0,0.505447224500431,-0.0003503126339482867,0.5001751563169742,0.007106275984985068,477.4014529539272,5083.40869140625,,,,,,,,,,
60,1,60,0.0,32.0,32.0,0.6774043664336205,57.0,74.0,0.7702702702702703,11.0,46.0,0.19298245614035087,0.8070175438596491,0.1494765708307458,0.1432895597696982,0.1509560734757789,0.0,0.6,0.0033914772,0.9999999997788671,0.6174154980594975,1.9385572321252937e-08,11.0,46.0,0.6140350877192983,4.181818181818182,1.0,0.7076689715628964,0.49051875240857773,2.0,0.5095075248869566,-0.00016497449124705207,0.5000824872456235,0.008266152948588911,469.02295300969854,5008.97119140625,,,,,,,,,,
61,1,61,0.0,32.0,32.0,0.6885514780879021,62.0,74.0,0.8378378378378378,6.0,56.0,0.0967741935483871,0.9032258064516129,0.1500336011054319,0.14600621307048176,0.15046510696631943,0.0,0.6,0.0033914772,1.000000000149669,0.6348240770409794,2.66750584458968e-10,6.0,56.0,0.8064516129032258,9.333333333333334,1.0,0.4586857873466403,0.3179367602622423,2.0,0.5059873667756851,0.0001692458364958898,0.49991537708175204,0.004472910429323703,465.55221802555025,5071.978515625,,,,,,,,,,
62,1,62,0.0,32.0,32.0,0.6901349201798439,60.0,74.0,0.8108108108108109,9.0,51.0,0.15,0.85,0.15030639249400915,0.14487692926234466,0.15126453306430288,0.0,0.6,0.0033914772,0.9999999998163792,0.6338369797825218,2.2251898847449473e-08,9.0,51.0,0.7,5.666666666666667,1.0,0.6098402758625001,0.4227090678059912,2.0,0.5081031274065302,-0.0003520801657855156,0.5001760400828927,0.005779265243043206,468.92176603432745,5067.65869140625,,,,,,,,,,
63,1,63,0.0,32.0,32.0,0.687532588839531,62.0,74.0,0.8378378378378378,3.0,59.0,0.04838709677419355,0.9516129032258065,0.15046697222855218,0.14469558372676547,0.1507604326608464,0.0,0.6,0.0033914772,0.9999999987127036,0.653434043010128,-7.680491539861046e-09,3.0,59.0,0.9032258064516129,19.666666666666668,1.0,0.2795055167827806,0.19373846090893485,2.0,0.5060944619383604,-0.0009420026611715568,0.5004710013305858,0.0033555843922715295,476.1902100290172,5085.65869140625,,,,,,,,,,
64,1,64,0.0,32.0,32.0,0.6837432160973549,57.0,74.0,0.7702702702702703,9.0,48.0,0.15789473684210525,0.8421052631578947,0.1505008344018331,0.14532517019599075,0.1514712714404285,0.0,0.6,0.0033914772,1.000000000036644,0.6200607218755534,1.1421571449061879e-08,9.0,48.0,0.6842105263157895,5.333333333333333,1.0,0.6292491950021343,0.4361623053853446,2.0,0.5082209260111203,0.0007465495194897545,0.49962672524025514,0.00798132635437345,471.5118939639069,5008.97119140625,,,,,,,,,,
65,1,65,0.0,32.0,32.0,0.6817272379994392,58.0,74.0,0.7837837837837838,10.0,48.0,0.1724137931034483,0.8275862068965517,0.15034969348076727,0.145452905918735,0.15136985755619065,0.0,0.6,0.0033914772,1.000000002235112,0.6414452654251901,1.77797734678375e-09,10.0,48.0,0.6551724137931034,4.8,1.0,0.6631968113859285,0.4596929999685021,2.0,0.5096059463286037,4.5498507937554177e-05,0.4999772507460312,0.010936385458731369,468.64894701866433,5027.03369140625,,,,,,,,,,
66,1,66,0.0,32.0,32.0,0.6911389604210854,58.0,74.0,0.7837837837837838,5.0,53.0,0.08620689655172414,0.9137931034482759,0.14944582078615393,0.1449851631636443,0.14986663754299445,0.0,0.6,0.0033914772,1.0000000000709188,0.6235359900159253,4.3297670710586866e-09,5.0,53.0,0.8275862068965517,10.6,1.0,0.4236805427170106,0.29367297364240336,2.0,0.5059650770674391,-0.00014523191222032988,0.5000726159561102,0.0036513632892242304,467.8429840132594,5035.97119140625,,,,,,,,,,
67,1,67,0.0,32.0,32.0,0.6787305474281311,51.0,74.0,0.6891891891891891,10.0,41.0,0.19607843137254902,0.803921568627451,0.15168144627605712,0.1448292768899017,0.15335270710194873,0.0,0.6,0.0033914772,1.0000000000926357,0.6218129894583078,9.151451766057032e-10,10.0,41.0,0.6078431372549019,4.1,1.0,0.7140152515839666,0.49491765851222647,2.0,0.5140049126559294,0.0001884794092963121,0.49990576029535183,0.010099382935009785,458.28039199113846,4957.40869140625,,,,,,,,,,
68,1,68,0.0,32.0,32.0,0.6909777522087097,57.0,74.0,0.7702702702702703,7.0,50.0,0.12280701754385964,0.8771929824561403,0.15036037205132063,0.144567265824715,0.15117140692304537,0.0,0.6,0.0033914772,0.9999999988981746,0.6394334024072497,2.4706809323652103e-09,7.0,50.0,0.7543859649122807,7.142857142857143,1.0,0.5373760564838335,0.37248069845219106,2.0,0.5083425769645052,9.522108724993513e-05,0.49995238945637505,0.0104176925442623,472.80787699855864,5013.47119140625,,,,,,,,,,
69,1,69,0.0,32.0,32.0,0.6881021037697792,57.0,74.0,0.7702702702702703,9.0,48.0,0.15789473684210525,0.8421052631578947,0.1498048321355696,0.14374176291426663,0.15094165761456388,0.0,0.6,0.0033914772,1.0000000010217243,0.6591296238010713,4.683692463653212e-09,9.0,48.0,0.6842105263157895,5.333333333333333,1.0,0.6292491950021343,0.4361623053853446,2.0,0.5076856596199989,-6.888149981726206e-05,0.5000344407499087,0.003798234785675452,469.0975419944152,5008.97119140625,,,,,,,,,,
70,1,70,0.0,32.0,32.0,0.7094695642590523,54.0,74.0,0.7297297297297297,8.0,46.0,0.14814814814814814,0.8518518518518519,0.15008655634733153,0.14497079285598055,0.15097625434582734,0.0,0.6,0.0033914772,0.9999999994798761,0.6485728766030726,-2.2811942321138745e-08,8.0,46.0,0.7037037037037037,5.75,1.0,0.6051865477795202,0.41948334930618103,2.0,0.507879414015037,-0.0001749378791971953,0.5000874689395985,0.002830208240925678,470.55549104698,4986.65869140625,,,,,,,,,,
71,1,71,0.0,32.0,32.0,0.6856243461370468,56.0,74.0,0.7567567567567568,6.0,50.0,0.10714285714285714,0.8928571428571429,0.1511949420825227,0.14454373602337992,0.15199308680961984,0.0,0.6,0.0033914772,0.9999999987723494,0.6257182783411814,1.0123175046304423e-08,6.0,50.0,0.7857142857142857,8.333333333333334,1.0,0.49123731297043294,0.34049975847129904,2.0,0.5096141415319188,0.0001309261175380648,0.49993453694123097,0.0027002515493371126,466.11483802553266,5000.03369140625,,,,,,,,,,
72,1,72,0.0,32.0,32.0,0.6981269866228104,56.0,74.0,0.7567567567567568,4.0,52.0,0.07142857142857142,0.9285714285714286,0.14999857379894999,0.14445531113535617,0.15042497861922646,0.0,0.6,0.0033914772,0.9999999999764907,0.6426401414526016,1.7406018864064993e-08,4.0,52.0,0.8571428571428571,13.0,1.0,0.3712322977869758,0.2573186205438323,2.0,0.506310500031695,-4.1489502572809075e-05,0.5000207447512864,0.014064020534134282,464.658138982486,4995.478515625,,,,,,,,,,
73,1,73,0.0,32.0,32.0,0.6902569532394409,56.0,74.0,0.7567567567567568,5.0,51.0,0.08928571428571429,0.9107142857142857,0.14984627124100425,0.14629500157955758,0.15019443493330292,0.0,0.6,0.0033914772,1.0000000025814273,0.6541805482672542,-5.049766482642209e-09,5.0,51.0,0.8214285714285714,10.2,1.0,0.43408109115043464,0.3008820844653084,2.0,0.5058844648862822,-2.1211489665565545e-05,0.5000106057448328,0.0052463625714133265,463.57701998203993,5002.47119140625,,,,,,,,,,
74,1,74,0.0,32.0,32.0,0.6930020228028297,57.0,74.0,0.7702702702702703,4.0,53.0,0.07017543859649122,0.9298245614035088,0.1504364293271559,0.14583842232711441,0.15078344872338545,0.0,0.6,0.0033914772,0.9999999989915945,0.6677114381661606,1.9392299395000367e-08,4.0,53.0,0.8596491228070176,13.25,1.0,0.36657798369944616,0.2540924958566207,2.0,0.5060982672942106,-9.575133447015105e-05,0.5000478756672351,0.000242725142592318,471.36921499622986,5020.28369140625,,,,,,,,,,
75,1,75,0.0,32.0,32.0,0.7020312994718552,48.0,74.0,0.6486486486486487,5.0,43.0,0.10416666666666667,0.8958333333333334,0.15009284483057986,0.14527503892616114,0.15065305481946578,0.0,0.6,0.0033914772,1.0000000002650136,0.6340183194563045,-2.9000500510548296e-09,5.0,43.0,0.7916666666666666,8.6,1.0,0.48206611922919307,0.3341427713871896,2.0,0.5079472632632952,0.0006460276076962289,0.49967698619615186,-0.002732930478824516,459.3993620364927,4916.72607421875,,,,,,,,,,
76,1,76,0.0,32.0,32.0,0.6934823840856552,56.0,74.0,0.7567567567567568,5.0,51.0,0.08928571428571429,0.9107142857142857,0.14971513665111075,0.14536067182738469,0.1501420449671623,0.0,0.6,0.0033914772,0.9999999986640358,0.6462600854546505,7.990588003277774e-09,5.0,51.0,0.8214285714285714,10.2,1.0,0.43408109115043464,0.3008820844653084,2.0,0.5066003165357013,3.9464231252038325e-05,0.499980267884374,-0.0015236243317072284,468.3662610477768,5006.72802734375,,,,,,,,,,
77,1,77,0.0,32.0,32.0,0.6923084482550621,53.0,74.0,0.7162162162162162,7.0,46.0,0.1320754716981132,0.8679245283018868,0.1501386678020103,0.14465103882842087,0.15097374177625217,0.0,0.6,0.0033914772,0.9999999999092524,0.63481536314654,-1.3958720276288225e-08,7.0,46.0,0.7358490566037735,6.571428571428571,1.0,0.5631027948974909,0.390313114648621,2.0,0.5080165128033174,0.0005856060789748759,0.4997071969605126,0.0005866465052880081,462.3924719635397,4984.40869140625,,,,,,,,,,
78,1,78,0.0,26.0,26.0,0.6955473331304698,45.0,74.0,0.6081081081081081,5.0,40.0,0.1111111111111111,0.8888888888888888,0.14979492849383125,0.14308322817992675,0.15063389103306932,0.0,0.6,0.0033914772,0.9999999999404612,0.6423506189471875,1.6295716149408047e-09,5.0,40.0,0.7777777777777778,8.0,1.0,0.5032583059217456,0.3488320758430324,2.0,0.5070157151336881,0.000287634539200733,0.4998561827303996,0.002768907877062124,409.5159569988027,4732.90673828125,,,,,,,,,,
79,1,79,0.0,32.0,32.0,0.6904325634241104,56.0,74.0,0.7567567567567568,6.0,50.0,0.10714285714285714,0.8928571428571429,0.14961093313550858,0.144936910088134,0.1501718159011935,0.0,0.6,0.0033914772,0.9999999956660399,0.6663438376318042,2.8648537083465464e-08,6.0,50.0,0.7857142857142857,8.333333333333334,1.0,0.49123731297043294,0.34049975847129904,2.0,0.505445787802436,0.0014862428317495625,0.4992568785841252,0.006033714438840058,464.17546598240733,5013.65869140625,,,,,,,,,,
80,1,80,0.0,32.0,32.0,0.6928855329751968,44.0,74.0,0.5945945945945946,4.0,40.0,0.09090909090909091,0.9090909090909091,0.1498772231495886,0.14387930730902185,0.15047701473364522,0.0,0.6,0.0033914772,1.0000000007824714,0.637856250518143,7.962694557677385e-09,4.0,40.0,0.8181818181818182,10.0,1.0,0.43949695806761335,0.3046360773492387,2.0,0.505994132793357,0.00010234934525770484,0.49994882532737117,0.0017515653856844864,459.92190000833943,4860.47607421875,,,,,,,,,,
81,1,81,0.0,32.0,32.0,0.6885651424527168,53.0,74.0,0.7162162162162162,7.0,46.0,0.1320754716981132,0.8679245283018868,0.1494772426092964,0.14588118906642883,0.15002446814842837,0.0,0.6,0.0033914772,0.9999999999450699,0.6459067732835618,-4.783488592795672e-10,7.0,46.0,0.7358490566037735,6.571428571428571,1.0,0.5631027948974909,0.390313114648621,2.0,0.5051596773426741,0.001122308452930809,0.4994388457735346,0.00862821239039879,475.27452901704237,4959.47119140625,,,,,,,,,,
82,1,82,0.0,32.0,32.0,0.6842746585607529,51.0,74.0,0.6891891891891891,5.0,46.0,0.09803921568627451,0.9019607843137255,0.15009904458944182,0.1458904888295199,0.15055649630247678,0.0,0.6,0.0033914772,0.9999999961430557,0.6428624393192097,3.059427766678199e-08,5.0,46.0,0.803921568627451,9.2,1.0,0.4627490297242739,0.3207531852602308,2.0,0.5059427226157062,1.1269758397247648e-05,0.49999436512080137,0.001265546843648015,463.432231976185,4950.47119140625,,,,,,,,,,
83,1,83,0.0,32.0,32.0,0.6915936022996902,49.0,74.0,0.6621621621621622,5.0,44.0,0.10204081632653061,0.8979591836734694,0.14986425664198633,0.14590086120592774,0.15031464248699297,0.0,0.6,0.0033914772,0.9999999985928372,0.6363304514042878,8.572040610905076e-09,5.0,44.0,0.7959183673469388,8.8,1.0,0.47543161741482054,0.32954408516013745,2.0,0.505387987853591,0.0006641153895093294,0.49966794230524536,0.006948260704243196,463.9530080021359,4943.72119140625,,,,,,,,,,
84,1,84,0.0,32.0,32.0,0.6918479055166245,44.0,74.0,0.5945945945945946,1.0,43.0,0.022727272727272728,0.9772727272727273,0.1508189446048652,0.1460689891980276,0.15092940868409396,0.0,0.6,0.0033914772,1.0000000008688021,0.6240314165518369,-1.1454885016267935e-08,1.0,43.0,0.9545454545454546,43.0,1.0,0.15649103405180387,0.10847131903591825,2.0,0.5067769042902108,0.00025732868902991296,0.499871335655485,-0.002931923768365238,459.4265639898367,4880.9150390625,,,,,,,,,,
85,1,85,0.0,32.0,32.0,0.6844607517123222,45.0,74.0,0.6081081081081081,5.0,40.0,0.1111111111111111,0.8888888888888888,0.1498184152551587,0.14558769912697697,0.1503472547711814,0.0,0.6,0.0033914772,1.0000000004791838,0.65915811424563,1.355617566797619e-08,5.0,40.0,0.7777777777777778,8.0,1.0,0.5032583059217456,0.3488320758430324,2.0,0.5062941356006238,-0.0004227096567319677,0.500211354828366,0.002392649366200984,465.4645859845914,4889.72607421875,,,,,,,,,,
86,1,86,0.0,32.0,32.0,0.6796609684824944,43.0,74.0,0.581081081081081,6.0,37.0,0.13953488372093023,0.8604651162790697,0.14986951908960808,0.14568502808652073,0.1505480851982168,0.0,0.6,0.0033914772,0.9999999989346733,0.6429948457590468,-1.6113364552653862e-09,6.0,37.0,0.7209302325581395,6.166666666666667,1.0,0.5830193878808005,0.404118244921362,2.0,0.5070814060442485,0.0024938792781030727,0.49875306036094846,0.010796723572952428,464.35843798099086,4876.22119140625,,,,,,,,,,
87,1,87,0.0,32.0,32.0,0.6840832233428955,49.0,74.0,0.6621621621621622,3.0,46.0,0.061224489795918366,0.9387755102040817,0.15024384973328056,0.14438915705039113,0.15062567751694728,0.0,0.6,0.0033914772,0.9999999977054008,0.6589943920245971,1.2967789568655192e-08,3.0,46.0,0.8775510204081632,15.333333333333334,1.0,0.33228660136771543,0.2303235208758784,2.0,0.5065217094047514,-0.0005686378498816899,0.5002843189249409,0.003577965554672233,465.6609700177796,4925.7275390625,,,,,,,,,,
88,1,88,0.0,32.0,32.0,0.6819782182574272,45.0,74.0,0.6081081081081081,9.0,36.0,0.2,0.8,0.14988037530135376,0.1454159120658373,0.1509964911102329,0.0,0.6,0.0033914772,0.999999999927873,0.63263144556283,1.516329310248663e-08,9.0,36.0,0.6,4.0,1.0,0.721928066033462,0.5004024035381882,2.0,0.5078468977407281,6.741403816450593e-05,0.49996629298091777,0.00012993783144584593,459.914141043555,4887.47119140625,,,,,,,,,,
89,1,89,0.0,32.0,32.0,0.6770257279276848,37.0,74.0,0.5,2.0,35.0,0.05405405405405406,0.9459459459459459,0.15029473432599785,0.14599847364294488,0.15054023493645804,0.0,0.6,0.0033914772,0.999999999828426,0.6548345919093572,-1.9975767210659084e-08,2.0,35.0,0.8918918918918919,17.5,1.0,0.3033748072325145,0.2102833922861343,2.0,0.5055718656117334,-0.0002779176988712463,0.5001389588494356,-0.0001128462610620675,456.6830589901656,4820.5380859375,,,,,,,,,,
90,1,90,0.0,32.0,32.0,0.6881641000509262,47.0,74.0,0.6351351351351351,3.0,44.0,0.06382978723404255,0.9361702127659575,0.14990031019138053,0.1450074314410705,0.15023391556071986,0.0,0.6,0.0033914772,1.0000000018722723,0.6506208532390542,-5.315111530846976e-09,3.0,44.0,0.8723404255319149,14.666666666666666,1.0,0.3424637436278962,0.23737777833968018,2.0,0.5065112658268571,0.00026129483504149957,0.4998693525824793,0.007674222640490048,461.8784029735252,4923.47119140625,,,,,,,,,,
91,1,91,0.0,32.0,32.0,0.6739295944571495,35.0,74.0,0.47297297297297297,3.0,32.0,0.08571428571428572,0.9142857142857143,0.15016172563658609,0.14632964996536085,0.15052098273076345,0.0,0.6,0.0033914772,1.0000000023266575,0.6743086182586209,-1.0044046796696742e-08,3.0,32.0,0.8285714285714286,10.666666666666666,1.0,0.42200048802925316,0.29250844847239776,2.0,0.5056354135135995,0.00013637197844218463,0.4999318140107789,-0.0017473360754595186,453.86466395575553,4808.724609375,,,,,,,,,,
92,1,92,0.0,32.0,32.0,0.6709663271903992,34.0,74.0,0.4594594594594595,3.0,31.0,0.08823529411764706,0.9117647058823529,0.15118837481091116,0.1458155788119372,0.15170832281081184,0.0,0.6,0.0033914772,0.9999999984292953,0.6699828329693197,7.114198564756861e-09,3.0,31.0,0.8235294117647058,10.333333333333334,1.0,0.43055183815653947,0.2984357927031072,2.0,0.5091145323809532,-0.0018580273826220872,0.500929013691311,-0.0006972848344929393,451.9861559965648,4804.224609375,,,,,,,,,,
93,1,93,0.0,32.0,32.0,0.68804070353508,30.0,74.0,0.40540540540540543,8.0,22.0,0.26666666666666666,0.7333333333333333,0.15020324753345068,0.1435406164484959,0.15262602247343424,0.0,0.6,0.0033914772,1.0000000001433302,0.6355714068596282,-1.9734594318121223e-08,8.0,22.0,0.4666666666666667,2.75,1.0,0.8366407130872668,0.5799151514181011,2.0,0.5147381579147915,-0.00016443256726971704,0.5000822162836348,-0.009405575608550367,449.40161297563463,4785.943359375,,,,,,,,,,
94,1,94,0.0,32.0,32.0,0.6801953017711639,41.0,74.0,0.5540540540540541,1.0,40.0,0.024390243902439025,0.975609756097561,0.1502094851981279,0.14649691661156664,0.15030229941279194,0.0,0.6,0.0033914772,0.9999999993911545,0.648131018195928,5.4192307797068446e-09,1.0,40.0,0.9512195121951219,40.0,1.0,0.16542700514236894,0.1146652622029086,2.0,0.5038292799381011,9.275285469948085e-05,0.4999536235726503,0.015987833545517187,455.0941860070452,4874.16357421875,,,,,,,,,,
95,1,95,0.0,32.0,32.0,0.6901801377534866,30.0,74.0,0.40540540540540543,2.0,28.0,0.06666666666666667,0.9333333333333333,0.15004218660623658,0.14433162265781196,0.15045008403112403,0.0,0.6,0.0033914772,0.9999999995696542,0.6426104255020486,7.520142099784241e-09,2.0,28.0,0.8666666666666667,14.0,1.0,0.35335930616752154,0.24493000679463606,2.0,0.50606450643774,-0.00012917111543323242,0.5000645855577166,0.0006901588038825878,455.2801210083999,4785.943359375,,,,,,,,,,
96,1,96,0.0,32.0,32.0,0.6908277347683907,42.0,74.0,0.5675675675675675,4.0,38.0,0.09523809523809523,0.9047619047619048,0.14998223025230736,0.1461430282471729,0.15038635677916362,0.0,0.6,0.0033914772,0.9999999981858548,0.6529333321395169,3.5233740384970805e-09,4.0,38.0,0.8095238095238095,9.5,1.0,0.45371631033304477,0.31449218128141115,2.0,0.5051193098268143,0.00010066296438689027,0.49994966851780653,-0.000307200470231637,464.1731639858335,4878.4755859375,,,,,,,,,,
97,1,97,0.0,32.0,32.0,0.687167689204216,29.0,74.0,0.3918918918918919,2.0,27.0,0.06896551724137931,0.9310344827586207,0.14983921953052112,0.14392830116054922,0.1502770653357042,0.0,0.6,0.0033914772,0.9999999994468296,0.6550133858315701,-6.094941058986024e-11,2.0,27.0,0.8620689655172413,13.5,1.0,0.3620512228800983,0.2509547843576205,2.0,0.5063648170517062,-0.0022703520712733494,0.5011351760356366,-0.004360935925810629,452.5094329728745,4785.943359375,,,,,,,,,,
98,1,98,0.0,32.0,32.0,0.6911182701587677,34.0,74.0,0.4594594594594595,2.0,32.0,0.058823529411764705,0.9411764705882353,0.14995845845749053,0.14512736340499494,0.1502604018982715,0.0,0.6,0.0033914772,1.000000000413548,0.6614695043410569,-1.4730667664783781e-08,2.0,32.0,0.8823529411764706,16.0,1.0,0.3227569300434987,0.22371805606583461,2.0,0.5047463396370528,0.00013435924062953156,0.4999328203796852,0.005320056294708518,456.3091690069996,4813.22119140625,,,,,,,,,,
99,1,99,0.0,32.0,32.0,0.6737374141812325,28.0,74.0,0.3783783783783784,3.0,25.0,0.10714285714285714,0.8928571428571429,0.15012264788083887,0.14481607791961917,0.1507594362761852,0.0,0.6,0.0033914772,1.0000000002671676,0.6455859768549116,1.6936120805795975e-09,3.0,25.0,0.7857142857142857,8.333333333333334,1.0,0.49123731297043294,0.34049975847129904,2.0,0.5068758301135594,-0.0007553548231953755,0.5003776774115977,-0.006741168205779261,448.67405702825636,4785.943359375,,,,,,,,,,
100,1,100,0.0,32.0,32.0,0.6797236949205399,27.0,74.0,0.36486486486486486,3.0,24.0,0.1111111111111111,0.8888888888888888,0.14982308500597452,0.1449542170972056,0.1504316934945706,0.0,0.6,0.0033914772,1.000000000885867,0.6709018591402528,6.357017588945693e-09,3.0,24.0,0.7777777777777778,8.0,1.0,0.5032583059217456,0.3488320758430324,2.0,0.5067658300406127,0.00018012795619182906,0.4999099360219041,-0.003102083214740415,454.8375359736383,4785.943359375,,,,,,,,,,
100,1,,1.0,32.0,32.0,,,,,,,,,,,,,,,1.000000000885867,0.6709018591402528,6.357017588945693e-09,3.0,24.0,0.7777777777777778,8.0,1.0,0.5032583059217456,0.3488320758430324,2.0,0.5067658300406127,0.00018012795619182906,0.4999099360219041,-0.003102083214740415,454.8375359736383,4785.943359375,0.6823104693140795,0.6818160878287421,0.6823104693140795,0.6819876167509291,0.736144578313253,0.6799689149245237,0.05383410899917351,0.7309236947791165,0.6802283212160453,0.04861322546503699
